30422.8 3435.71
46663.9 58626.1
53138.4 98147.1
39645.7 21302.9
39408.2 21190.5
77826 88920
77812 89129.9
78917 55133.7
39698.7 21274.1
39672.2 21281
42845.9 29956.6
39736.4 21264.3
30408.9 71746.4
42879 29949.7
46741.5 59483
46994.8 58924.4
30594.7 71698.1
53536.9 96029.6
30411.9 3488.13
30607.5 2871.49
78856.6 55653.7
30488.6 71866.6
42877.5 29975.8
97313 34442.4
79526.1 55828.1
42857.1 29955.1
39631 21148.1
46984.9 58032.6
52166.7 96058.3
30223.2 2474.44
78052 89231.1
39273.6 21330.4
31931.1 2989.22
39244.2 21664.2
28870.6 1046.5
52623.9 97355.4
47905.1 57941.3
30507.8 71836.3
30643.6 71966.8
42867.3 29963.2
77915.8 55900
42852.5 29954.2
30105.6 4760.41
52964.9 94872.8
30473.2 71880.5
30369.4 2051.59
52340.9 96581.5
30688 71878
42860.3 29975.3
39398.8 21425.8
78884.3 55328.2
78033.8 54640.6
39559.9 21299.8
77903 89065.6
39403.5 21283
97391.6 34380.9
78839.2 53732.3
29104 2977.97
97372.1 34301.1
29643.7 1469.82
53808.9 97311.7
30310.7 71880.9
78454 54735.5
30596.5 3220.36
39563.2 21403
42868 29953.3
42880.3 29955.6
30205.4 2530.72
39486.9 21303.4
42868.8 29946
79723.7 55276.1
53408.7 96472
39507.1 21619.5
52689.7 96270.7
78240.6 55040.9
79345 55090.7
39578.1 21372.6
39673.5 21430.9
78075.8 89126.3
78105.6 54498.9
77710.1 89296.7
30487.2 71834.9
42859 29987.2
53228.3 96350.3
78086.6 89146.2
30358.7 71844.4
30385 3136.17
45527 57938.2
77863.1 89401.8
46301.9 58051.6
29475.1 3480.17
29062.3 3219.52
42847.4 29978
46028.2 58024.5
52205.9 94780.5
29728.6 2025.7
53610.8 96465.5
47126.4 59364.4
51101.5 94959
30521.4 71695.3
53141.4 97633.3
39433.8 21254.3
46137.6 58733.9
30544.2 71704.4
30375.2 71913.4
79449.9 54923.5
52757.8 95512
39356.8 21455.5
77882.4 89220.4
39461.4 21424.8
78062.3 89073.9
29952.6 2552.99
39483.8 21233.7
79442.1 53753.1
42871.9 29946.9
47025.5 59314
79630.7 55112.8
39233.9 21344.9
97378.3 34301.4
39466.7 21425.5
39449.5 21239.4
30528.1 71821.7
78986.7 55086.7
31790.5 1995.41
46724.4 58421
30971 4422.28
45164.9 59548.6
97309.7 34307.6
30564.1 71636.2
77878.7 89021.9
45771.8 60121.1
42858 29998.8
97396.3 34400.9
97412.6 34416.6
30435 2615.33
97310.1 34332
30548.1 71776.7
42865.6 29979.3
30420.8 71783.2
52727.6 95252.2
30556.6 71753.5
77974.7 88824.7
42862.3 29974.3
79077 54950.8
39605.9 21542.8
46388.5 58421.6
79327.3 54223.2
52174 96974
39482.3 21277.4
39338.3 21474.4
45605.9 58082.3
79800.7 55510.9
39695.1 21413.5
39478.6 21402
46585.8 58852.8
42884.3 29971.9
97350.8 34382.6
97323.4 34330.3
52844.2 95651.2
97321.7 34391.9
80147.6 54487.4
97402.4 34291.7
97347.3 34362.9
42843.9 29987.7
39274.9 21376.3
46973.5 58489
45712.2 59093.4
79209.7 54076.5
52045.5 96022
46332.9 58190.3
39626.5 21174.3
42865.7 29980.3
30084.1 3062.26
30420.6 71887.3
77891 89277.7
97359.5 34367.8
39319.6 21220.8
46279.5 57004.4
80453.9 56226.4
29424.8 2266.57
42861.3 29961.2
39464.9 21496.5
47497.2 59916.1
30379.9 71908.9
97407.6 34366.1
42857 29939.6
39578 21309.2
39419.7 21336.7
51823.6 95667
42854.1 29972
46974 58162.8
30517.2 72040.1
77813.1 88974
97387.8 34234.4
30425.7 71930.5
46723.4 58037
79448.4 53274.8
30420 71981
30857.7 2454.36
30224.8 2153.28
47762.8 57844.4
80368.8 54923.5
39854.3 21198.5
29546.3 3671.03
97316.3 34280.2
97299.3 34349.7
42887.3 29987.7
53559.3 95397.1
97406.3 34272.4
77933.4 89296.5
31552.9 2424.78
77988.7 89153.5
97293.9 34370.2
30197.3 3639.87
53756.5 95929.7
77738.2 54388.4
39452.1 21240.9
46301.8 58945.9
97382.2 34311.2
42863.7 29959.6
53280.4 95275.1
97334.9 34408.8
42837.8 29949.4
79340.4 54399.7
39445.4 21330.8
39813.5 21255.4
77895.7 89214.7
52981.1 97047
39320.8 21274.5
42898.4 29952.1
42865.8 29949.4
39590 21296.6
30827.7 1779.82
30375.1 71828.6
53135.7 96051.1
30384.2 71921.5
46879.1 58650
45936.8 58768.5
30361.2 71753.5
77601.7 55253.9
30032 2428.89
77875.1 89109.9
30542.2 71780.1
46048.1 58938.6
52500.3 96068
53904.8 96779.2
78124 89094.3
39398.1 21339.4
77824.6 89260.8
30493.8 71849.6
30326.4 71810.1
77898.8 88965.2
46657.6 56285.2
39572.3 21056.5
46887 59186.3
39183 21237.8
97359.9 34396.5
77791.8 89245.7
46765.6 58498.4
42856.3 29951.9
79629.2 53673.8
52251.4 95685
39651.6 21124.6
46559.9 58390.9
42869.5 29949.8
45694.8 58005.5
42879.3 29959.5
53348.2 96674.5
97366.1 34226.3
39252.1 21141.8
30756.4 4126.03
46096.6 59038.4
97315 34226.9
30209.5 3499.26
45599.5 58828.3
29631.7 1542.78
42887.2 29956.8
77843.4 89148
97308.6 34331.6
97310.4 34279.5
53101.6 95644.9
97362.3 34355.2
30480.7 71830.7
77937.4 89023.7
30315.7 71756.1
39320.1 21503.2
97434.4 34441.3
97271.1 34361.3
97443.8 34370.3
78689.6 54797.5
77826.1 89117
30507 71890.5
30477.4 2219.8
46710.5 60462.2
30352.3 71780.1
39656.7 21165.7
97285 34403.6
39757.5 21174.2
46926.5 58059.6
79034 54899.2
30507.4 2487.14
30512.9 4457.51
77413.4 53509.9
30432 71918.1
77946.8 89150
78063.7 89083.2
80208.7 55571.2
79226.1 55142.7
42858.8 29972.6
42863.5 29964.2
30451.5 71733.1
54021.5 96202.8
47447.5 58785.7
30017.8 2353.74
39278 21231.3
30498.8 71848.7
79953.5 54789.9
30471.5 72033.3
97388.5 34404.4
32661.5 2092.04
97326 34281.9
31186.1 2843.27
77886 88912.6
42862.2 29945.7
39379.9 21685
77891.2 89018.5
30488.7 71861.2
52399.6 95808.1
53055.7 96625.9
39445.3 21301
79460.2 54306.7
39579.3 21415.9
79012.6 54914.4
52607.4 97787.7
30967.5 4460.68
39583.7 21252.1
39462.5 21265
46804.7 59007.6
77838.2 89241.7
79750.2 55901.2
54636.6 96265.7
51773.4 98322.4
30464.4 71855
53028.6 95174.5
30623.5 71680.8
79383.8 53637.3
52931.6 97189.2
97234.5 34361.3
79471 54682.4
77818.8 89268.9
46305.8 58775.9
30324.5 71654.6
47075 58848.3
30295.5 2551.17
39516.6 21444.2
42850.7 29995.5
48113.3 58425.7
77722.8 54903.2
46758.9 58956.5
53053.5 96392.8
78020.4 89095.6
39363.4 21139.2
46822.2 58437.5
39515.6 21428.2
39494.3 21320.4
30372.2 71899.3
29185 2856.93
30469.8 3201.67
47918.2 59741.5
42872.7 29965.3
97310.5 34320.3
46907.4 59669.6
42861.1 29986.2
46841.1 58977.1
52008.2 94673.3
39653.8 21270.6
31210 2819.59
77868.8 89342.2
53040.4 96702.8
46846.6 58709.6
39483.9 21095.4
46602.9 58770
30486.3 71959.6
42887.9 29960.6
30326.3 71688.4
39658.5 21354.2
30519.9 71931.1
30334.3 71913.3
97295.4 34366.8
39363.8 21413.6
52062.6 96929.5
30108.9 3360.74
28575.9 3425.32
97378.4 34365.2
97337.1 34366
79412.9 54488.2
45572.9 58459.8
30450.5 71764.3
42851 29951.1
53369.6 95153.4
29451.4 2019.01
52106.4 96983
78016.5 88966.7
39603.8 21394.4
97362 34338.6
79502.6 55296.4
77782.2 89009.3
30403.5 71896.4
30476.5 71890.1
78599.3 56086.5
45568.6 57622
31935.2 3172.73
39238.1 21306.5
42855.6 29961.8
78983.8 54924.5
77997 89009.6
30778.6 71750.3
78086.6 89140.2
52210.7 95982.4
47120.7 58612.7
97328 34362.5
77866.4 89227.5
77766.2 54662.9
30344.1 71917.4
29159.9 3412.62
42866 29950.3
51176.9 95792.2
30538.9 71772.3
30637.5 71946.4
97422.9 34383.1
42862.7 29924.6
30040 3835.29
31058.7 2152.1
97362.3 34304.9
97329.2 34287.2
30667.9 71681.9
30334 71795.1
30235.3 2691.06
30728.4 72042.7
30294.6 71951.7
47161.5 58971.5
42857.4 29943.9
29581 3048.28
31240.1 2726.06
30434.9 71994.3
42834.3 29947.7
52548.1 97436.8
30642.5 3384.72
97283 34364
79540.2 54089.9
39294 21250.2
78181.7 55978.9
30549.3 71824.9
77996.1 89162.5
78266.6 54587.9
77983.1 89245.6
97323.3 34299.7
30616.6 71849.1
47730.7 58501.7
97379.7 34362.3
46060.7 59102.3
52674.3 96222.1
30476.5 71779.2
78482.2 56319
97317.3 34399.4
46865.8 58726.2
79724.2 54943.9
97378.8 34355.8
31969 4378.35
77874.8 89106.9
45704 59029.7
39680.4 21187.1
97438.5 34445
39440.4 21366.9
79250.3 54361.6
47320.8 57868.1
31753.1 3401.26
29903.5 3616.3
30500 71927.5
47000.8 58045
97367.4 34270.4
79086.2 54475.4
39583.6 21347.9
42867.1 29983.4
46290.2 58842.5
77828.6 89001.2
79452.7 55631.3
77944.1 88969.8
45879.5 58597.1
39556.7 21254.6
31248.4 3591.26
97303.7 34357.6
39424.5 21414.3
97401.6 34407.6
42855.2 29943.7
52149.8 96315
97344 34385.9
97248.2 34330.8
77877.8 89016.6
42874.1 29964.7
30953.1 3799.09
29852.3 2829.98
30538.6 71764.2
46794 58869
78356 55282.2
97328.2 34372.4
97275.6 34348.1
46164.4 58958
46362.8 59470.9
46345.9 58370.9
97366.2 34295.1
79240.8 54843.9
30342.8 3190.65
52592.6 95798.6
78080.4 89251.1
30370.5 71783.1
78024 89137.8
39598.3 21292.9
53222.9 95953
77958.6 89298.1
77930.5 89175.2
30223.8 2108.54
30504.1 71969.9
97393.6 34352.8
30552 71731.7
31047.5 3334.94
77963.2 89215.4
97309.1 34382.7
30419.3 71929.6
42878.1 29968
77710.5 89053.9
30923.7 4101.05
30617.3 1996.3
53601.6 95554.8
30545.2 71807.8
46888.6 59977.3
29850.7 2991.8
48249.4 58381.1
52918.6 95943.6
30398.1 71968.8
97388.8 34191.1
29925.2 3339.49
52921.2 95096.1
46705.4 58380.3
32659 1361.61
78674.7 54709.2
39583 21288.1
54336.8 95662.1
77926.7 89154.6
30449.5 71937.2
78300.3 52781.2
30491.6 71903.8
78119.4 89050
77916.7 55953.4
45349.4 58740.3
77898.7 89287.1
46150.2 58128.6
79228.8 54055.4
39588.4 21382.5
46541.7 59428.8
30759.9 2569.09
45950.9 58843.9
30344.4 71933.7
53409.2 96678.1
97472.2 34357.1
30888.7 1692.95
97295.3 34404.5
30397.1 71861.9
30493.1 3298.22
28402.2 3776.96
78509.7 53684.2
39270.5 21326.4
51497.7 96844.3
30375.3 71838
39611.3 21269.7
39555.3 21328.5
79325.7 55784
30555.5 1736.6
30445.6 71771.9
39514.5 21140
97250 34331.4
78039.7 54806.5
39386.9 21283.4
30421.3 71886.9
30575.7 72018.2
42849.7 29960.9
97273 34345.3
45865.4 58917.2
77986.9 89164
54130.3 96002.7
42881 29953.5
45601.2 57693.6
52071.6 96941.2
39332.7 21372.2
78128.9 89241.9
77902.9 89179.1
53257.5 96041.9
29288.7 3731.37
97348.7 34422.2
42887.5 29971.2
53269.5 96584.1
42865.3 29955.4
30305 3680.32
77972.7 89240.1
39219.5 21191.7
78067.4 89117.1
46181 58859.1
52964 96414.5
51507.2 95295.7
42878.9 29937.8
47164.4 58393.2
30854.5 3234.24
32418.5 2074.74
39604.6 21427.7
97318.7 34298.2
31129.3 2787.55
79609.4 54909.9
39314.2 21019
78561.3 55948.6
47128.1 58592.5
30283.3 71935
77783.4 89405.4
45840.6 58459.6
52064.7 96013.9
97341.5 34336.8
97262.4 34276.1
30120.7 2722
30333.1 2648.66
46680.7 58514.2
30458.7 71842.8
78036.2 88989.1
97394.8 34351.6
42868.6 29962.2
52504.4 95615.3
29976.8 2682.51
31372.9 2311.94
39637 21400.7
30062.5 4031.8
42873.5 29966.5
39315.4 21377.7
39566.7 21149.3
47623.5 59302.1
97352.6 34327.1
78043.6 89212.6
39509.3 21037.5
39616.9 21432.9
42840.2 29961.7
77678.3 89208.6
77999 89152.5
30695 2183.53
97350.7 34404.3
78059.6 89161.4
51718.5 95717.3
97224.8 34358.3
77894.2 89027.6
97375.9 34268.5
39615.6 20996.5
42847.2 29950.1
30450.1 71901.3
30921.2 1832.36
42847.1 29969.3
51801.3 97131.9
30589.7 71715.9
30442.4 71686.9
77870.2 89270.7
77923.3 89078.4
29206.7 2873.73
46924.1 58692.9
52729.2 95960.9
39569.7 21273.3
39614.8 21385.6
42852.3 29938.9
39444.3 21306.1
47057.2 58180.3
97361.1 34317.2
97296.8 34256.7
39434.3 21384.5
77939.1 89115.5
30441.2 71867.1
42873.7 29954.1
30356.2 71861.9
46436.3 59194.2
97366.6 34363.4
42846.8 29958.6
77718.8 89294.8
30427.6 71926.8
77834.7 88965.9
46762.9 58758.1
39598.9 21488
97298.4 34304.7
30388.7 71917.1
30555.8 72074.3
30897.3 3707.44
30636.2 71812.2
29659.1 3260.92
42861 29968.4
77803 89232.5
77744.3 89109.7
30505.7 71855.6
30080 2239.63
42882.2 29940
39421.3 21218.4
79536.3 55740
30393.4 71899.4
39573.2 21382
42859.2 29979.7
97258.6 34316.1
97280.9 34279
97294.2 34408
42852.1 29925.1
78015 89012.9
97458.4 34469.9
42853.6 29962.9
30452.5 71774.4
97428.7 34379.6
79934.6 55177.7
79650.4 54574.6
29627.3 3285.24
30678.1 2281.73
52906.3 95959.5
30399.1 71953.4
77823.6 89162.1
47113.5 58312.3
97363.9 34298.2
97376.9 34390.5
30484.8 1555.4
53554.1 96421.8
31553.8 2869.28
47049.4 59178.2
52544.9 95343.8
52519 96412.8
51911 98080.9
39428.3 21140.1
30464 71816.8
42872.4 29962.4
31082.6 1930.35
39356.1 21172.7
45865.1 57981.2
30477.5 71850
46393.6 57638.6
42856 29948.3
77775.5 89039.8
97264.7 34277.9
47158 59307.8
46162.5 59225.3
78279.1 55063.6
77920.7 89320.4
79276.6 54694.9
54314.4 96508.7
42858.3 29968.5
30473.8 71950.2
53289.6 94859.5
78713.8 55177.7
30370.8 71939.5
77857.4 89223.7
39185 21191.4
79042.4 55336.1
31534.6 3222.72
77845.6 89170.8
78900.7 54585.2
42856.4 29961.4
39630.2 21337.1
30544 4181.78
30388.6 71860.7
77988.4 89414.8
39689.3 21460
97352.8 34281.2
97245.9 34344.7
39396.1 21269.5
46627.7 57766.6
97324.3 34303.8
30343.2 71977.2
97425.7 34362.2
28693.1 3430.74
39038.1 21309.9
78338.5 54854.4
97391.2 34364.4
97356.3 34384
42872.6 29953.8
77856 89037.7
51962.6 97079
39338.2 21167.1
77928.1 89147.2
30505 72011.1
30849.6 3455.85
42866.1 29942.1
30017.9 3302.69
47390.8 59445
78308.7 55503.5
51800.8 97865.1
39546.3 21330.9
78398.8 54139.8
30509.2 71804.6
77475.8 56300
97352.1 34391.9
52747.2 97598.1
52518.1 96031.7
78728.8 55450.9
79369.3 55011.1
42872.1 29950.3
31022.1 3180.35
39358.8 21390
39587.1 21341.9
46922.8 57487.6
78850.5 53775.1
30707.7 2751.75
79565.5 55233.8
30860.5 2673.44
30402.8 71619.7
77944.6 89206
42870.7 29987.2
52987.4 97612.8
97286.2 34290.6
77810.8 55089.2
30564.7 71668.8
46940.3 57269.1
97287.3 34331.4
29275.3 2264.93
46662.7 58963.3
42885.3 29941.4
39101 21362.5
42861.3 29999.4
30268.3 2586.82
78512.2 53863.5
77839.8 88995.1
39522 21231
39399.1 21097.7
31569.3 2941.28
52131.9 95730.3
53464.8 96993.6
77459.7 54410.5
42867.7 29950.2
46926.1 58240.7
52949.4 97132.6
42871.4 29953.2
29468.6 2784.16
31742.1 3137.8
30494.9 2124.04
52047.6 95461.5
31187.9 1773.88
53345.8 96542.1
97349.9 34353.2
31224.7 1087.73
97231.9 34386.5
29359.5 2929.6
77953.2 89262.1
79007.2 55771
46079.1 59454.2
52349.1 97592.3
77929.6 89147.8
52194.4 96517.8
30562.3 71747.9
79691 55101.6
30942.9 2393.42
78939 56158.4
39701.8 21397.2
97359.3 34358.3
52717.7 97765.7
97339.2 34492.2
30506.3 2461.68
78578.2 55617.8
42865.2 29979.2
30231.3 3340.25
29924.7 2997.43
47035.7 58506.4
78339.6 54948.4
52493.9 96245.1
30695.2 71767.1
42842 29961.9
79372.1 54936.9
78636.2 53850.8
46598.9 59708.4
39571.6 21319.4
46234.3 57876.7
77122.8 55743.7
79751.9 56154.5
29890.2 2891.42
30444.1 71863.8
39661.9 21173.1
39521.1 21288.9
77922.4 88751.9
39649.6 21194.5
39388.7 21143.1
30363 71935.4
77929.1 54127.1
51583.5 96718.1
39668.6 21514.7
42856.8 29969.2
77920.1 89145.8
51916.3 96163.6
39399.8 21246.8
30609.3 72065.3
47883.8 59976.2
97416.5 34335
29172.4 3529.55
53791.6 95876.7
30631.3 3307.59
39485.5 21274.6
54076.3 96368.3
39724.7 21314.8
51652.9 96448.8
29847.6 3051.69
42886.2 29952
42848.3 29949.1
31309.7 2487.09
78822.7 54386.7
30788.2 3302.11
77913.3 89170.5
79892 55883.7
52437.3 95722.6
46422.4 59235.8
47217.3 60084.9
45139.9 58600.9
39469.6 21136.4
30722.1 71748.7
78157.1 54870.9
42859.4 29971.4
30694.3 2149.52
77845.7 89368.3
97363.7 34359.5
39242.2 21376.7
46767.7 60230.8
47144 57754.9
30389.6 71761.2
52043.6 95713.1
39596.9 21207.6
42892.1 29975.9
42858 29958.1
77926.7 89169.6
97273.2 34397
30330.8 71957.5
32188.3 3555.7
39539.3 21212.5
42854.4 29995.7
39657.2 21232.4
77380.6 55478.6
77790.2 88840.8
97382 34350.7
39525.2 21329.9
46349.8 58936.2
77971.9 89187.2
42855.5 29919.1
46575.6 59438.6
77885.7 89169
39462.6 21017.5
42848.2 29955
47288 58853.5
29763.2 3705.38
78307.6 55283.8
77843.7 89191.2
30563.9 71857.2
77809.8 89207.6
78708.6 54676.5
46915.3 58746.4
78085 89157
29860.7 2729.77
39707.8 21314.9
97357 34309.3
39410.6 21378.5
52212.1 95032.2
30217.6 2090.15
39512.4 21295.6
42870.2 29979.8
77515.7 53757
30323.1 2131.4
30389.6 71822.1
42867 29958.5
47352.2 57698.9
46775.2 57564.8
30356.3 71590.1
47616.5 59068.7
77883.2 54831.9
30532.6 71873.8
53008.2 96604.2
46428.3 58546
39602.4 21229.8
47673 58151.7
42864.3 29940.9
78228.4 55247.5
39536.2 21268.5
97256.4 34311.9
97291.1 34282.8
97368.6 34314.5
42857.8 29943
79612.2 55996
80684.3 54236.2
39377.7 21239.6
97376.4 34326.6
42857.6 29948.4
77975.5 89030.1
77796 89222.8
78184.9 53897.8
46205 58443.8
79519 55897.6
42854.1 29983.7
39600.1 21246.1
97336.9 34326.2
42876.7 29955
39682.4 21470.3
78675 54905.8
