31958.1 86099.1
31976.1 86023.8
1169.99 16121.1
58419 31716.1
10820.5 9438.28
56866.6 30082.6
49038.8 77328.5
56780.1 79392.2
1972.55 14020.4
58584 31580
-347.382 13904.4
33159.9 90224.4
57010.1 30971.6
33159.5 90224
33158.8 90225.7
49216.8 77413.7
58501.9 30584.2
14541.5 62482.6
11167 10493.5
856.85 14322.7
57398.8 32780.7
14540.5 62483.3
67138.8 92665.2
14539.4 62485.6
49242 77514.7
66440 91954.6
56866.7 79250.4
66932.5 91792.2
49061.9 77304.3
10531.6 93373.8
67236.3 92555.8
9855 93644.7
32164 86038.1
9744.82 94896.1
65754.1 91223.8
31954.2 86155.8
67632.1 91722.8
1040.01 14174.8
56924.2 79451.8
49177.7 77352
9951.58 94361.7
14539.3 62482.4
351.378 16225.3
66792.3 91377.5
11244.9 10185.9
66585.8 91781.5
14539.7 62483.4
11751.1 93729.3
31941.6 86123.3
130.46 14952.6
11176.8 10432
48988.8 77313.1
49196.8 77332.7
33158.6 90224.2
159.221 14075.5
33159.2 90225.3
11137.4 9035.65
14538.3 62483.3
11513.8 9544.06
56634.5 30412.3
14541.9 62484.5
48962.8 77382.5
66334.3 92143.7
33158.7 90225
14540.8 62483.9
32006.5 85937.8
33159.5 90224.3
31928.4 85975.5
31958.2 86005.5
10903.1 92959.5
67167.4 92498.4
32063.3 86033
14540.3 62485.8
10678.2 93541.2
49023.9 77381.1
56832.4 79387
14541 62483.6
12017.3 10522.8
32134.9 85994.8
66105.7 91988.4
56630.2 79470.5
11326.6 9920.35
14539.9 62485.3
11609.5 10004.8
14542.1 62483.1
33157.9 90224.7
14540.1 62483.5
33157.4 90223.9
10970 11397.2
303.873 13542.5
14538.8 62484
14538.2 62483.7
10497.9 10708.6
10199.7 93118.8
56966.6 30167
56704.1 79273.4
32091.4 86032.1
14541.3 62484.6
14537.9 62481.1
56824.8 79231
1173.07 15594.2
31914 85964.6
77.1754 14484
33159.1 90223.7
10238.4 93900.8
58114.9 31899.3
10720.8 93066.2
14539 62484.3
10571.4 93923.2
31936.9 86106.6
11389.2 93257.3
10827.2 9801.55
652.158 13772.8
32048.5 85840.6
11020.9 92994.5
49222.8 77490.3
49259.8 77393.3
-882.126 14455.5
32034.7 85931.8
49115.2 77442.7
33158.4 90224.3
66907.4 92091.6
11266.4 10220.7
56917.2 79270.3
14540.5 62482.8
10991.4 94571.5
48856.9 77536.4
14539.3 62482.4
14541.3 62480.7
11054.9 9318.63
48976.3 77649
49095.7 77668.6
11812 10773.2
58584.7 33124.6
56777.1 79334.4
10750.5 9924.64
49230.8 77264.9
31986.5 86156.9
56743 79302.5
33158.6 90223.7
56853.4 79278.4
1222.45 11875.5
14540.2 62484.1
14540.5 62483.3
14541.2 62485.1
14539.8 62482.8
11564.4 9465.24
10815.3 10474.7
66600.2 92081.2
-240.95 15250.6
56084.5 31095.3
11978.6 10591.8
49315.1 77432.2
10623.5 93913.1
14540.2 62483.6
12188.2 10431.6
10717.9 94041.8
31909.9 85997.3
33158.7 90224.1
287.577 15172.8
2177.73 13858.8
56875.2 79275.7
11207.7 10305
-471.46 15841.6
10219.2 10276.4
1230.74 14146.1
31798 86111.2
66830.1 91711.3
14539.3 62482.6
346.711 13733.9
11178 93059.3
66736.2 92821.1
56740.8 79380.6
14539.7 62483.5
10610.4 94183.8
57682.9 32295.9
56388.9 31205
10882.8 8402.43
11796.9 94599.1
56672.7 79298.3
31950 86004.1
33158.5 90225.6
14542 62485.7
49041 77414.2
56884.3 79403.7
57101.1 30345.4
57997.7 31755.4
259.001 14405.1
56569.3 31088.3
56724.2 79416.5
33159 90224.2
10925.2 94513.3
33158 90223.6
56850.1 79177.3
10968.7 10476.7
33158.8 90224
14541.1 62480.4
31913.9 86157.4
11496.9 9728.57
57227.8 31110
14542.5 62481.6
12475.6 10077.9
57007.5 79282.2
56535.1 32659.2
14539.5 62481.7
-89.1857 14465.1
33159.9 90226
56871.4 79256
56881.9 79242.5
56800.9 79470.3
49295 77289.1
1327.11 14324.5
49011.7 77422.6
11008.3 10605.7
12007.4 9687.95
10174 9609.74
10524.3 93308.9
57057.9 32303.1
56840.5 79309.2
66665.6 92108.8
1315.52 13176.1
49109.5 77514.7
33157.3 90224
66916 91923.3
10499.1 93646.2
67720.7 92006.6
634.005 14780.4
56810.5 79429.6
66053.7 92071.3
2927.47 13627.2
11340.4 9400.52
11041.2 93518
56817.7 79248
14539.2 62482.9
66888.8 92043.2
66279.2 92526.9
33158.9 90224.8
10535.4 10190.8
10593.4 9446.92
55884 32298
56735.5 79315.1
66510.8 92058.5
11046.2 93256.1
31860.9 86082.2
14539.9 62482.7
12119.1 10327.9
12397.5 9714.66
14539.4 62483.3
49052.1 77467.3
928.662 14280.1
10390.7 9776.29
11165.2 9008.45
49150.5 76894.7
14540.9 62480.8
14540.8 62484.3
48867 77278.5
31992.8 86147.8
49017.3 77451.3
10821 93518.1
49080.3 77251.7
58331.4 30390.8
10873.6 9503.6
49277.1 77179.4
10647.7 93427.5
1124.03 13481.4
31794.7 85907.6
67203 92107.2
58153.7 32135.3
1030.47 12397.9
14538.1 62481.6
33158.9 90225.8
66257.1 92556.9
10351 92449
56753.8 79425.7
33157.4 90225
14539 62481.3
56935.9 79319.3
14539.6 62483.1
66283.1 92148.2
31880.4 85881.9
66869.6 91813.7
33158.8 90224.9
10748.5 93500.7
14540.6 62481.8
10328.1 9461.75
14538.7 62484.7
2175.32 16001
10270.1 10284.9
12396.1 10396.6
10514.1 93560.2
66309.8 92087.9
66815.2 92391.5
57485.5 31177.9
31984.8 86367.3
14538.9 62482.3
32099.5 85890.8
56673.2 79468.2
32183.5 85897.9
49203.3 77243.6
66714.9 92251.1
14540.3 62482.6
31970.4 86238.6
9889.83 8841.14
31926.7 86089.8
14540.7 62483.1
14541.9 62482.4
67485.7 92692
66840.9 92410.9
10525 93970.7
31968.6 86029.3
66572.8 91704.8
67389.3 92128.8
33159.6 90224.9
14539.6 62482.4
31784.2 85945.4
14540.6 62483.1
49314.6 77338.5
31969.1 86213.6
14541.2 62484.7
49454.1 77241.4
31915.8 85887.3
11123.6 93600.6
562.102 12530.7
11174.1 9229.13
31869 86323.2
49122.8 77210.3
10787.2 93648.4
33158.4 90224.2
49191.8 77387.2
33158.4 90224.6
32051.4 85930
32035.1 86099.1
33158.7 90224.8
11141.8 11087.6
32032.5 86239
11612.5 9715.96
33158.4 90224.4
57761.1 32389.4
33158.2 90225.3
33159.4 90225.8
49422.8 77334.6
31836 86290.2
31961.5 86022.1
56815.5 79232.6
67323.9 91476.5
32039.1 85821.9
33158.8 90225.4
56586.5 79395.6
32053.1 85990.6
10727.6 10669.8
10433.6 93751.8
56664.7 79197.9
11689.3 10271.7
11080.9 9800.2
31982.9 86122.7
10215.4 94842.1
59591.4 31575.6
9811.23 93637
33158.8 90225.1
14540.8 62483.2
56867.4 79316.8
33157.9 90223.8
66808.8 92100
10762.2 94011.3
66640.6 92226.6
56715 32199.3
48955.1 77351.2
11209.9 10281.5
14542.8 62485.4
56842.9 79373.5
33158.1 90224.4
11519.4 11104.3
56768.8 79507.3
33158.9 90225.1
11.0103 12559
11280.5 93420.6
33159.2 90224.7
57189.6 33269.4
32012.1 86065.1
66827.3 92306.9
49130.3 77153.8
10683.9 93746.8
57631.5 32683.3
33159.9 90224.6
10389.9 9068.19
58498.5 32035.7
33159 90225.2
48989.6 77419.1
66160.6 92473
10193.2 93956.4
66.8471 14872.5
10942.8 10399.2
14537.5 62484
66927.1 92458
49114.9 77412.6
11040.1 93335.3
56634.9 79338.6
56767.2 79287.1
10227.1 93155
58176 30554.6
48993.4 77230.9
56718.5 79422.9
49255.7 77155.2
58158 32285.5
49174.2 77347.3
11105.3 93922.9
66129.4 91645.7
56728.9 79394.6
57553 32125.1
57088.1 33303
56032.4 30451.5
56932.2 79392
65773.8 92179.6
66386.6 92186.4
10728.1 93652.5
49235.1 77200.8
57033.9 79275.8
33159.7 90224.6
33158.2 90224.4
11120.1 93614.3
33158.3 90225
66474.8 92541.2
56082.6 31584.7
56489.4 32344.5
56645.3 79416.8
14540.5 62482
48917.3 77265.4
66954.5 91875.6
58845 32577.4
33159.7 90225.3
56779 79113.6
56736.3 79460.5
11045.3 93175.6
11393.3 9590.37
413.277 13418.3
33160 90223.6
10434.9 9688.85
10539.1 93507
11946.3 94525.9
48944.8 77462.5
67066.7 92506
49090.5 77180.5
31843.1 86046.2
56860.3 79345.8
462.747 15426.4
9593.17 93023.6
10589.5 94271.2
66737.3 92521.3
33157.7 90225
56856.3 79264.6
14538.5 62482.5
56584.1 33173.2
11687.6 9862.2
1382.05 14391.5
49028.3 77304.2
56838.9 79431.4
49081.9 77254.2
56902.2 79356.1
12354 9920.36
56836.2 79397.2
10227.1 94026.8
14540.2 62482.9
49150.1 77267.8
49064.9 77598
56728.9 79461
11477.2 10147.9
56878.8 79369
1243.73 14568.8
12319.2 11152.2
11033.6 9783.79
9926.67 93965.6
33159.6 90224
59024.4 33606.4
10480.3 93781.4
10921.9 93243.2
11288.7 92987.1
58787.8 32383.9
10335 94075.9
14540.6 62484
1268.44 13533.4
56815.1 79239.1
57675.9 31358.4
32038.7 86042.5
973.068 15574
10420.5 93807.9
66320 91612.4
66989.6 92731.5
33158.8 90223.6
10477.4 10017.1
33158.9 90224.4
11161.9 94060.5
10235.5 93785.8
10420.9 93959.2
49268.9 77512
33158.2 90223.7
56723 79352.6
66609.7 92649.9
65725.7 92141.2
33158.4 90223.9
33159.2 90224.8
49208.9 77486.4
56716.9 79356.5
32041.2 85924.6
14540.6 62483.7
31873.1 86087.5
31920.8 86093.1
14538.5 62483.3
56865.6 32320
10481.6 94337.3
10467.4 93410.7
11441.5 9470.6
32016 86016.7
66571 92413.6
11130.6 9589.22
56913.3 79435.6
14539.1 62482.4
49263.8 77336.8
11678 9899.96
11011.9 93342.3
33158.9 90225.6
56798.6 79377.6
49104.2 77243.8
56810.8 79454.3
56860.1 79380.9
1390.27 13346.4
11038.4 93902.9
33159 90225.1
10290.9 94042.7
66432.6 92562.4
11258.9 93795.2
14538.1 62482.1
1175.36 15561.1
31984.6 85902.5
67152 91762.8
49227.6 77300
1113.58 16200
33158.1 90224.8
12879.9 9798.06
10821.4 93336.4
33158.1 90225.5
49238.4 76994.9
56921.9 32320.8
14540.6 62481.3
14540.4 62482.7
59712.5 30301.8
57179.1 31640.6
66941 92117.5
14542.6 62482.1
49160.4 77354.7
14540 62484.1
56727.3 29313.4
31990.8 86074.5
2300.04 13553.8
-479.283 15604.7
56603.3 79378.3
56774.4 79463.2
10302.5 93206.5
66842.7 91697.4
1294.64 14686.2
14540.1 62484.8
66802.4 92068.7
33157.9 90225
66105.8 92580.4
33159.2 90225
12745.6 10234
1140.08 13135.7
66160.3 92821.3
66335.5 92266.7
741.637 14752.5
65494.2 92738.9
10383.4 92750.8
56083.8 31862.6
14538.5 62483.8
-9.88601 14188.1
32061.8 85977.4
32015.1 86026.4
32029.7 86168.5
57565.3 30684.6
14540 62482.2
49157.1 77192.9
56613.1 79344.1
-332.805 14238.8
66277.3 92101.6
56743.4 79386.8
56868.9 79493.6
56640.8 31690.8
48961.9 77363.2
56676.4 79403.4
33159.1 90224.8
12289 9742.93
33159.6 90224.2
9840.01 92840.1
14539.3 62484
10479.9 10257.7
33160 90225.3
14540.2 62483.4
56839.6 79323.9
10336 10673.4
10695.8 94447.2
14542.4 62483.9
49223.1 77381.1
10772.9 93318.4
56763.7 79444.4
1207.26 14969.4
9969.31 9443.34
14541.9 62482.8
137.03 14656.8
991.131 14344.5
56655.4 79245.3
67188.6 91362.4
49250.1 77309.2
14540.8 62483.7
49419.2 77238.9
1394.43 14964.1
56989.6 31113.4
32054.6 86010.6
32075.5 86027.4
66031.3 91206.9
288.382 15599.1
14541.3 62483.1
14538.2 62484.1
56545.2 33746.7
-332.62 14105.6
10286.9 93380.4
10622.4 93573.2
65856.8 91635.4
366.564 14172.2
31945.8 85991.6
49155 77333
31955.4 86009
33159.4 90223.7
33159.3 90224.9
10896.4 93576.6
49111.3 77239.6
33158.2 90224.6
11238.5 93273.9
1593.27 14798
57062.1 33027.5
11689.5 10182.5
56667.8 79395.1
33159 90223.8
67418 92757.4
57566.4 31604.3
56885.1 79406.2
10738.8 92546.6
49246.7 77449.2
-698.328 14223
55751.8 32261.2
1403.15 14317.2
33158.8 90224.1
56786.4 79469.5
49301.6 77361.9
14538.8 62482.2
14537.3 62483.6
66589.1 91721.1
1195.09 13104.5
32065.4 85749.9
10084.9 93115.9
582.723 14689.8
10960.8 92979
10078.3 93844.5
56546.2 32610.7
33159.4 90223.8
57278.6 30493.7
56752.6 79450.6
10757.5 93277.7
56188.5 31845.4
14540.9 62483.3
49144.1 77290.1
49205.4 77309.5
58226.8 32230.8
31874.2 85815.7
56749 79350
33159.1 90224.2
946.687 13921.1
56693.7 79215.6
31914.3 86073
33158.8 90224.5
11058.6 10108
56849.5 79302.2
31845.3 86029.5
489.347 15119.2
32008 86072.6
14538.8 62482.7
48939.9 77503.4
66468.7 92550.2
33158.2 90223.5
10818.7 93736.8
33159.2 90225.6
56644.6 31223.8
49051 77423.4
33159.2 90226.2
14540.9 62484.4
12193.4 9788.36
-98.4067 14715
57351.7 32167.8
10641 10471
9943.5 93419.8
56812 79361.4
66425.2 91885.9
67301.2 91437.3
10408.9 93224.7
49243.8 77499.7
10780.7 10295.9
33159 90225
11037.4 10790
-770.999 13903
66027.3 91662.4
66149.9 92854
37.5822 11940.3
58293.1 30783.7
67666.5 93425.5
56720.9 79358
11124.5 9568.47
11514.9 94011.6
12095.8 10300.4
67119.4 92038.1
33157.9 90225.1
57690.4 31241.1
11367 9710.4
178.694 15102.8
56716.9 79367.6
14541.2 62482.6
33158.8 90224.1
14540.9 62484.4
66649.8 91506.2
14541.5 62483.2
56892.8 79360.6
66981.5 92663.1
33158.5 90223.8
10571.3 93630.2
56697.9 79538.4
56739 79245.4
33158.6 90224.5
1307.49 14265.1
49227.5 77218.2
66173.3 91727
-298.855 13445.4
799.575 14283.6
31925.5 85839
56736.1 79264.6
31831.7 85907.5
65877.3 91652.8
49248.9 77489.1
31882.3 86135.9
66219.6 92358.9
66697.7 92922.3
66874.1 92117
12427.6 10124.1
426.885 14644.5
49147.1 77460.8
56843 79199.4
66504.8 92433.8
-45.1318 14992.3
57103.2 32375.2
9522.66 93123.4
10770.7 93951.8
32109.9 86070
31902.5 86039.7
56778.1 79325.2
33158.3 90224.6
32077.5 86033.6
33158.7 90225.8
10303.3 93645.9
49225.9 77630.8
49310 77472.9
66691.3 91683
-983.762 14381.3
10766.1 9794.55
10704.8 92901.6
14539.7 62482.3
-264.016 15291.4
12173.5 10296.2
31721.9 86098.4
9150.79 9976.61
10699.2 10017.5
67045.5 92450.8
66723.1 92631.6
49224.7 77268.5
49085.4 77230.7
49032.1 77453.4
33157.8 90223.9
57637.5 31797.5
1017.97 15560.2
66852.2 92560.7
33158.8 90223.6
263.017 14757
56892.4 79478.1
49035.4 77459.6
-201.654 15831.9
49184.9 77359.9
10752.1 9392.28
56814.9 79319.9
56603.9 79534.8
11267.4 10661.9
10714.1 94372.1
10570.7 93391.6
33158.4 90225.3
11008.3 93715.5
58055.3 31022.4
14541 62483.6
-115.053 14732.4
32041.6 86037.6
56826.1 79200.9
31952.9 85844.1
10829.5 93544.3
1484.5 14747.7
57876.6 31640.9
14539.5 62480.5
11415.9 10325.8
56830 79513.6
1015.08 15573.2
14538.8 62482
-605.421 14575.5
33159.3 90223.5
32027.8 85769.9
66086.4 92146.5
65978.6 91899.9
33158.7 90225.1
2110.63 12958.9
9207.73 93765
31950.1 86326.9
56759.9 79331.4
31898.3 85858.4
14539.5 62481.5
56798 79302.7
56884.3 30438.8
1825.62 14393
49056.9 77256.4
58274.9 32466.9
55712.6 31280.1
11425.5 9438.31
32025.1 85951.6
57739.3 32611.3
14541 62482.3
31827.8 86010.1
58776.5 32114.9
33158.6 90224.1
10276.2 93034.7
56854.9 79247.4
67007.6 92320.5
31970 86049.4
14541.3 62480.6
9500.88 94081.9
-400.085 14381.3
11462.6 10632.8
11284.3 10819.5
10242.6 94323.3
33158.3 90225.8
14540.5 62483.1
201.985 14450.4
14541.3 62482
33159.4 90225
33159 90224.3
14540.3 62485.4
58768.2 32303.1
49167.9 77394.2
56782.8 79505.3
31945.7 86365.2
33158.6 90224.4
10909 10685.4
57616.6 32846.6
33158.4 90225.1
10348.1 93695.4
66971.1 92152.4
56774.7 31929.3
31936.1 86001.4
56966.1 79289.4
56646.7 79351.9
11010.4 93661.5
66453.9 91563.2
57473.4 33369.5
32028.7 86018.8
31895.7 85883.5
48834.2 77500.3
14541.6 62485.3
10326.9 93630.2
66540.8 92275.3
14541.7 62481.8
56797.5 79339.2
31980 85616.8
67166.2 91800.7
66283.3 91626.7
49022 77444.1
10341.1 9381.12
10370.5 10281.9
14541.8 62484.8
57089.1 32217.2
815.839 14266.9
56698.5 79336.7
136.578 13853
1843.86 15989.4
2486.94 16198.4
67279.2 92179.7
-588.557 14985.5
49299.4 77277.8
14540.5 62483.8
663.071 14023.6
12248.3 10018.3
67420.4 92207.6
31819.2 86029.8
49050.3 77379.1
56929.2 79288.7
56687.1 79269.7
49260.1 77298.1
10610.9 93261.5
49185.2 77415.1
33158.7 90224.8
67277.9 92897.1
451.055 13634.9
57226.6 32708.5
33159.3 90226.4
48852 77350.1
33158.5 90223.8
32238.3 85907.9
56554.4 31835.7
14539.9 62483.9
33158.8 90224.1
33158.2 90226.1
66792.1 92406
9737.14 93818.4
49172.1 77670.6
49246.1 77183.7
10758.6 9491.51
14539.3 62482.2
58115 31123.3
49398.1 77465.1
49095.2 77307.4
31984.5 86038.5
56216.7 32791.2
-362.016 15135.1
56958.4 79431.6
14540.6 62482.2
56725.6 79568.3
67191.9 91928.9
9861.15 10563.6
56691.4 79122
1298.14 14483
33158.8 90224.8
49089.9 77416
56830.3 79386.8
254.321 11566.1
56777 79477.2
57316.8 31961.6
66533.5 91201.9
56686.4 79307.6
49274.4 77399.8
10687.1 10654.2
10236.4 93913.7
10863.6 10244.6
33159.3 90224.7
49036.4 77411
66501.4 92104.9
56825.1 79379.2
49328.5 77357.2
10308.7 93530.8
2028.09 14271
56797.2 79306
14539.5 62483.7
14539.5 62481.2
464.151 13535.8
49155.2 77329
33159 90225.6
48900.9 77163.2
10593 93162.9
10758.6 9846.09
57733.9 31542
1753.3 13055.9
56805.2 79211.8
-160.439 12224.7
58896.5 32474.8
48963.2 77345.6
33159 90224.9
1036.43 14538.9
66509.3 92182.5
11087.8 93267.5
14542.3 62482.2
31975.8 85832.5
10603 10361.4
31999.2 85976.4
10089.5 9676.55
14538.9 62481.8
10899.4 93345.6
49093.2 77172.7
58310.7 33193.9
33160.4 90224.1
49037.3 77280
32030.3 85989
10479.8 93051.8
11584.7 9363.14
14539.1 62483.9
10564.8 9180.52
49061.5 77319.2
11732.1 10930.2
66336.8 92937.6
33159.2 90224.3
31940.6 85988
1570.63 13805.4
58647.6 32757.8
33158.4 90224.8
33158.3 90223.4
49182.9 77741.3
11295.1 10096.6
56323.1 31074
55929.5 32243.2
33159 90225.8
57827.5 32634.8
31.5048 14319.1
33158.6 90226.4
49194.8 77252.9
14540.6 62484.2
66550.6 92794.8
1192.13 13228.5
1617.75 15507.5
261.594 15070.9
11057.4 94096.4
33159.2 90225.5
48972.9 77391.7
32165.3 85919.5
56708.6 79429.2
58655.4 30878
14539.9 62483.9
31835.4 85899.6
14540.4 62482.7
14540 62483.7
56931.3 31914.4
10547.4 93159
14539.6 62481.3
31823.7 86143.3
66532.9 92728.7
10997.1 92844.9
14540.8 62484.4
56653.7 79239.8
57123.1 32226.9
56816.4 79330.2
11956.5 10232.8
1445.17 13764.9
11966.3 9119.28
31906.1 86130.8
49334.1 77547.6
66447.5 91808.4
14540.9 62481.6
583.354 13246.3
48920.5 77278.7
14539.8 62486.1
1354.54 14636.5
49175.7 77451
10812.9 9552.99
10676.8 10295
49130 77350.4
-107.396 15717.8
10489.2 93272.7
10289.9 10216.2
14542.4 62484.5
31927.9 85875.4
33158.6 90224.2
2046.61 13610.6
32344.8 86063.9
10232.4 93368.3
1295.26 14124.5
57775.6 32450.9
49137.7 77362.2
49341.1 77373.3
10780.7 10036.1
14539 62481.4
9764.86 93693.5
56044.5 31556.5
49219 77377.4
57425.9 32235
12094.4 10131.4
56951.2 79377.6
33158.8 90223.9
-610.426 14319.9
56873.9 79299.4
31891.9 85860.5
49044.3 77196.3
66889 91417.8
49142.5 77209.2
59527.3 33048.1
33159 90224.1
56630 79458.8
11687.2 93981.8
33158.6 90224.4
56768.2 79323.9
56769 79428.1
33158.6 90224.1
10989.8 93511.2
66797.2 91998.9
33158.5 90223.9
49076 77288.7
11240 93903.5
56716.1 79433.6
33158.2 90224.6
14543.6 62482.2
1000.29 13968.9
58149.3 32090.5
14542.2 62483.1
10313 93025.4
33158.1 90225.4
-541.801 13463.9
49190.5 77343.6
49313 77466.1
66575.4 92875.1
11061.9 9357.63
31933.5 86203
49224 77532.9
57347.6 33334.2
59316.9 32717.2
33159 90225.5
33156.4 90224
14540.2 62482.4
54877 30728.6
33158 90223.4
48944.9 77255.1
1865.45 15108.7
11451.8 93667.8
32198.7 86146.3
10854.6 8943.9
14541.6 62482.3
66957 93867.7
33159.9 90225.2
32084.2 86059.8
57222.7 31306.8
10679.5 93746.1
67086 92444.4
10366.3 93920.6
48980.4 77413.3
32075.5 86045.7
57449.6 31593.2
56846.8 79423.8
14539 62484.3
67269.9 92064.1
32030.3 85856.1
12103.4 10973.2
48981.1 77575.6
11109.1 9972.98
66161.6 92644.8
67038.3 92411.4
49027.1 77315.1
1908.47 14884
12526.2 9812.58
10975.7 94202.2
10687.7 93650.5
66882.5 92019.5
33157.8 90225.1
11839 9504.31
33159.9 90225.1
49195.7 77215.7
58064 31498.5
58121.1 30952.4
14539.9 62484.4
14542 62484.6
11292.6 9046.77
56672.9 79417.9
14541.4 62484.9
49356.3 77320.7
11039 10035.7
-774.152 14941.6
57175 32025.5
11629.9 93570.5
14540.3 62484.1
32002.8 86190
14541.1 62483
56772.9 79357.6
165.29 12988.3
1775.06 15153.1
14539.6 62484.1
10504.1 92801.6
49050.2 77423
465.089 14875.7
9928.04 93245.8
55546 32041.1
10394 9186.91
49223.6 77453.7
56671.5 79230.2
66409.3 92901.2
49197.5 77214.4
10481.4 93747
56792.2 79372.2
66921.6 92219.1
33158.7 90225.7
67486.5 92249.8
31833.9 86049.4
66540.3 92248.1
49093.7 77470.2
14539.5 62484.4
56782.8 79310.1
58427.7 31493.2
66805.9 91776.3
12004.5 10217.3
66850.7 92168.8
31993.3 86085.6
-1132.48 14620.2
31917.1 86183.1
33158.1 90225
450.144 14358.3
14537.8 62483.6
59060.3 30905.5
10336.7 10839
11216.8 9548.13
57825.9 32329.2
57757.7 31733.4
49270.8 77197
10689.5 93495.6
33158 90226.3
31805.8 85905.3
33160.6 90225.4
32005.4 86018.3
58017.3 30805
49185.1 77288.9
58511.3 31438.7
14540.5 62482.4
1187.83 14978.6
55383.2 31960.7
32064.9 86225.4
11599.5 10269.4
56860 79296.7
56684.3 79441.9
49227.4 77364.5
58899.1 30931.7
14539.5 62483.6
14539.9 62480.7
10973 92654.2
14540.9 62482.3
66785.3 92413.8
56888.8 79465.3
33158.3 90224.2
10818 93590
10620.9 93046.3
66476.1 91334.6
58051.7 32224.8
58535.1 32048.8
797.037 15872.9
66422 91836.6
67062.3 91745.9
57807.7 31237.3
33157.7 90224.6
10330.6 10168.9
12480.7 8550.86
14539.7 62485.3
67020.5 91858.7
49195.5 77544.7
48936.8 77486.4
57153.3 31845.1
14539 62480.9
10565.7 93615
48990.8 77362.3
58020.4 33212.9
11669.1 10734.8
14539.6 62483.6
67104.7 91193.8
56913.7 79238.8
48864.1 77341.1
14540.1 62483.2
66825.9 92571.7
31888.4 86072.1
57244.1 32587.9
981.196 12129.5
11800.6 93195.9
66099 91949.4
66572.5 92756.1
48986.8 77635.6
33158.2 90225.6
10206.2 93761.5
960.48 14809.4
32099.7 85882.3
67306.5 93137.5
57524.8 32978.7
11529.3 10294
33158.9 90224.4
56754.7 79422.7
66597.9 91716
56726.7 79295.2
31918.2 85955.9
33158.3 90225.5
56325.3 33379.3
58314.6 31304.2
56802.7 79352.2
33156.8 90225.2
10665.4 92947.9
67128.1 91428.3
-137.767 14067.2
31919.6 86005.2
56785.7 79315.7
33158.6 90225.2
49211.2 77404.3
56868.3 79425.1
32062 85871.1
11178.2 9712.59
56758.2 79367.1
58366.2 31000
33159.8 90223.5
31930.7 85938
56713.4 79366.7
56835.5 79297.9
32044.4 86045.8
56721.4 79283.8
12113.2 9917.15
11426.2 9063.36
14537.8 62482.8
65910.3 92031
31799.9 85910.4
10786.3 94050.2
57909.8 31805.6
56652 79484.2
33158.4 90225.2
33159.1 90224.7
11466 10102.6
67012.2 92465.8
11056.4 9746.31
58316.2 31862.7
56765.2 79314.4
31915.8 86038
10992.8 93982.9
33157.7 90224.8
14539.2 62484.3
33159.3 90225.2
49087.8 77277.3
66591.7 91988.9
14540.4 62482.7
11269.6 10637.1
33158.4 90224.4
10796.4 93114.6
11200.5 10420.6
49069 77245
56703.2 79408.4
-315.492 13388.1
10555.5 93729.7
32168.7 86079
2822.07 14539.3
31792.5 86019.9
66249.7 93130.4
-29.3482 14915.3
31817.8 85918.7
14541.9 62482.9
66464.3 92392.9
66913.3 92581.8
58897.1 31580.2
14537.4 62482
31796.9 86208.1
49164 77378.1
56790.2 79437.8
56831.2 79243.9
66516.7 92933.5
31919.1 86098.4
56556.1 30861
32135.6 86034
49119.2 77249.5
65590.7 92062.8
57029.5 32228.4
31991.5 85845.6
33158 90224
1860.71 15647.3
11540.9 94285.2
33157.7 90225
10351.2 93304.2
56724.4 79387
66683.1 93005.5
49100.8 77473.2
33158.8 90224.4
49321 77184.3
9674.81 93760.8
10782.5 93094.6
11140.6 10362.6
12436.4 9516.17
14538.5 62482.7
14540.6 62481.5
33158.1 90224.4
31920.9 86151.8
10711.6 93454.4
49243.5 77107.5
57685.8 31692.6
56787.7 79226
32105 86076.7
33157.6 90223.9
14542.6 62482.7
57895.3 31918.3
49083.6 77342.5
11559.1 10580
87.1782 15118.7
14540.2 62483.1
1503.47 15212.9
57967.9 31139.1
49224 77224.3
901.496 13143.2
2142.34 14894
33157.8 90225
56652.3 79351.3
57653 30022.9
1401.01 14686.2
49146.4 77120.4
65946.2 92090.2
12115.5 10236.1
49108.6 77435.7
14538.6 62482.2
10882.8 93357.1
11411.6 10445.9
10695.1 93470
33158.4 90225.1
31933.1 85924.8
10428.2 93274.6
31936.8 85883.4
10474 9335.62
56786.6 79336.9
11502.4 10179.1
66636.8 92249.7
66612 91717.1
49148.9 77611.6
2116.96 13249.2
66641.1 92429.8
56779.4 30453.7
33157.7 90223
49263.4 77411.7
67024.3 92875.4
56708 79309.4
49300.7 77616.3
49155.5 77325.3
66787.6 92518
31843.6 86106.1
66788 92539.2
48917.1 77371.9
49271.1 77632.6
11369.9 9871.64
57104.6 30972.6
14539.6 62482.6
33159 90224.5
33159.5 90225.1
33159.6 90224.4
56824.1 79408.5
32172.5 86201.5
49303.8 77212.5
56787.8 79393.9
11202.2 9075.05
66020.2 92404.1
33158.8 90224
10837.2 93948.1
31894.6 85931.8
10869.8 94176.6
33158.1 90224.3
14540.5 62482.7
14541.3 62482.4
56751.3 79272.2
58499.3 32379.2
953.387 13966.7
57759.6 31935.4
10790.3 93984.2
57436.3 32449.6
66021.6 92291.2
66355.2 93149.9
56229.1 30286.5
11543.8 9465.69
724.835 16036.5
33158.7 90224.8
31959.8 86004.1
32059.2 86002.5
10883.2 9636.55
33158.8 90225.2
49358 77327.9
66466.6 91468.6
10108.6 93465.3
66567.7 91878.1
32017.9 85948
31777.2 85906.1
33160.1 90223.5
58375.6 32408.7
49277.8 77269.5
56709.6 79208.6
10471.1 94112.5
49190.6 77087.9
9777.08 93240.7
1017.26 13820.3
1394.11 12819.4
31745.1 85967.5
10938 10100.1
631.65 13455.4
10917.4 9123.77
10696.4 11445.6
31941.7 86130.1
66443.3 91615.2
33159.1 90226.3
11120.7 93050.5
49142.6 77534.5
56816.8 32009.8
33158.8 90226.2
48934.3 77256.1
57858.7 32419.9
14540.2 62485.5
31789.8 85904.7
56806.4 79352.2
32028.1 86222.4
32030.6 86042
11563.4 9734.34
31978.6 86089.2
56829.1 79596.7
14540.3 62483
10266.1 93183.2
10440.7 93796.3
66394.4 91837.4
49099.5 77376
66899.8 90960.9
14539.7 62480.2
57094 32143.9
49175.2 77388.5
33158.5 90223.6
11343.6 94037.2
58691.2 31005.8
66771.1 92130.5
57981.8 30675.1
49335.9 77555.6
31931.3 86070.2
14540.2 62484.6
49233.6 77443.4
10744.7 93359
56733.2 79395.4
32167.5 86122.1
33157.4 90225.3
10242.7 93256.5
14538.5 62483.8
49192.5 77268
56859.1 79508.6
14540.3 62482.8
49308.2 77304.3
747.4 13945.6
33158.6 90225.9
10916.8 93017.5
49053.7 77296.4
56828.4 79112.7
57068.4 30970
14540.9 62483.9
31918.2 86032.1
56888.8 79266.3
9999.28 94584.5
11489.9 9259.53
10805.9 93792.3
56742.4 79381.7
49200.9 77413.4
49040.9 77605.3
11295.3 93465.6
67114.7 92468.1
33159.7 90224.5
31987.6 85915.6
57654.7 32443.4
32033 86102.5
58100.3 31611.3
11643.6 10428.3
31806.2 86107.1
14541 62483.9
10913.2 10298.9
66261.1 93438.6
10360.3 92814.7
14539.7 62484.1
31768 86089.1
49017.1 77285.5
48961.3 77472.9
49127 77489.6
65887.3 92104.6
56723.1 79382.2
31852 86160.4
33159.3 90224.2
66829.7 91489.6
31978.3 86322.7
48901.1 77111.3
56633 79441.8
11107.7 93707.5
49230.2 77387.2
49094.2 77182.9
33158.7 90224.1
33158.1 90223.8
33158.7 90224.8
11494.5 10333.4
10732 93310.1
66900.6 91312.6
11090.7 93835.1
31895 86129.1
56693.4 79327
49114.5 77383.3
56802 79448
66402.6 92567.2
57404.2 31442
11651.3 9444.48
66843.2 92422.3
11095.7 9012.59
10711.4 93431.9
31889.8 86053.9
56541.3 31625.4
49202.7 77583
66179.6 91680.9
32230.8 86066.7
67442.7 93018.7
11603 8739.68
66835.6 91533.9
66125.6 92439.8
57890.5 32503.8
12136.6 9901.48
66795.7 90910.5
66845.1 91504.6
49279.5 77406.3
870.833 13663.2
10755.4 94947.3
31982.8 86008
11021 9921.86
10399.9 94140.6
55712.9 32328.6
9978.53 9696.11
10191.7 10045.7
11561.3 10288
58157.7 31279.2
1022.83 14651
14541.7 62484
14540.8 62484.4
11547.5 9485.1
10328.8 94274.5
33159.1 90223.7
12099.6 10949.5
32032.9 86190.4
-252.153 14144.4
57410.7 32536.4
57238.8 31764.6
151.979 14921.5
56707.4 79196.3
10489 93602.9
58115.3 31059
9946.09 93556.2
66575.5 91695.6
11187.9 92678.8
14537.2 62482.4
447.112 13769.6
33159 90223.5
14538.1 62482.7
11124.8 10476
67168.5 92209
33158.7 90224.5
12179.3 9023.34
56620.2 79391.7
66477.6 91772.9
10221.7 93856.9
31934.3 86059.8
-14.7904 13848.7
32057.1 85961.2
66101.4 92145.8
33157.6 90224.5
1202.06 15365.3
66213.2 92380.8
31693.9 86098.5
56748 79430.3
33159 90224.9
-652.684 13860.5
11036.3 9973.39
1345.44 14528.7
14541.6 62484.1
56894.8 79321.8
9980.89 93880.9
56798.8 79315.4
31924.9 85998.5
66704.6 92224.3
32056.8 86036.7
66121.6 91787.7
48992.7 77526.1
14537.3 62483.5
32115.3 86009.3
55846.2 29290.5
11000.8 93771.4
49291.4 77283.6
66572.2 92289.8
32012.3 86110.6
31825.6 85882.5
67348.8 91948.6
56711.5 79364.8
1528.9 14134.8
66763.2 92272.4
56205.7 31480.6
57322.4 30943.3
49269 77320.1
1344.78 14755.9
57447.3 31246.2
31901.8 86188.8
65769 91940.3
32052.5 85982.2
11204.9 93670.6
10809.5 93647.1
14540.1 62484.8
56752.1 79292.9
11640.5 93219.1
66265 92259.7
33158.6 90225.7
56795.3 79413.4
33159.5 90224.9
10983.2 10049.2
31916.5 85811.5
11168.1 8999.57
31983.9 86024.8
49184 77204.9
58128.5 32326.5
49013.6 77496.4
14541.2 62481.7
11408.7 9426.45
10557.4 93051.4
10683.5 92989
31913.3 85918.7
1214.25 14314.2
33158 90225.8
57606.6 32529.8
10595.3 93413.4
56862.3 79449.1
31893.6 86035.6
66583.6 93197.6
139.335 14172.7
58373 30710.4
49258.6 77372.8
-1293.26 15071.4
33158 90223.8
403.604 14703.9
14542.3 62485
33158.4 90225.1
66345 92418.2
56915 31328.4
11471.2 94306.3
912.492 13385.8
11035.9 94334.2
57100.2 32931.6
56801.4 79228.5
10445.2 92911.5
66582.8 92282.8
10845.9 9474.57
67562.9 91799.5
10611.2 93367.8
10178.8 93940.5
67609.4 92364
10363.6 93963.9
31949.2 85961.5
66855.8 92175.2
56817 79369.3
49084.6 77321.8
14541.4 62482.5
14540.2 62484.3
10735 94440.5
11684 9569.15
48925.9 77354.5
33158.8 90224.7
66689 91466.9
58497.2 32407.2
32080.9 86101.5
49194.7 77462.8
31825.7 85999.8
33158.5 90224.5
14540.1 62482.6
10404.8 9965.83
88.1253 13565.1
49003.9 77193.9
10471.5 10109.1
11113.7 93822.3
10370.5 92878.9
11772.3 94343.9
66748.7 92705.2
11083.6 9341.57
14541.7 62484.1
66674.6 91095.1
48937.2 77430.9
31959.5 86176.7
14540.8 62485.6
10757 94181
67324.3 92326.6
49144.4 77452.6
49465.6 77179.7
12298.3 10535.9
-42.5657 13941.3
14542 62483.7
9819.52 93262.3
58083.1 30867.5
57071.4 31451.2
66626.5 92266.7
33158.7 90223.8
58405.2 32530.8
14541.3 62481
49076 77042.5
14540.5 62484.1
66678.6 91590.4
55959.9 33169.8
33159 90225.3
14542.2 62482.5
49075.6 77462.9
33159.4 90225.3
31935.1 86016.5
33158.1 90225.4
10410.6 8927.88
11485.8 11366.7
11127.5 9168.34
33159.5 90225.6
56977.3 30227
10222.3 94194.3
11632.5 92487.4
33159.7 90224
66738.6 92180.8
33158.2 90224.9
32023.3 85954.2
33158.8 90224.9
65875.7 91471.2
68011.9 92548
56877.7 79321.4
56724.2 79385.3
56712.2 79259.2
11682 9621.67
10870.4 93647.5
869.697 14795.7
874.091 14582.3
33158.3 90225.1
14540.7 62480.4
10596.6 94368.3
14540.4 62482.7
10561.3 10211.1
143.538 14178.9
12316.1 10406.1
56787.4 79495.3
14539.3 62482.9
33158.4 90224.6
-356.523 14376
2307.47 14589
14539.6 62482.2
49098.5 77596.3
31896.7 86006.7
14539.8 62484.1
33159.9 90223.9
48949 77369.4
56997.2 30273.4
10010.5 94262.8
57702.2 30104.6
928.276 13924.4
67248.8 91811
56938.7 79432.1
33159.1 90225.1
57642.9 31843
66412.3 91750
14541.3 62484.8
66219.8 93134
10669.3 93963.3
49029.1 77423.8
2445.27 13258.4
991.184 14544.2
33158.1 90224.5
33158.9 90224.8
11001.4 10263.8
33159.7 90224
66975.5 91677.1
14540.7 62483.2
57965.7 30904.5
10703.6 10571.6
48876.8 77258
31816.1 85981.5
14540.4 62481.3
56646.4 79314.2
-592.21 14418
49094.2 77227.8
10215.8 93607.7
55714.8 31941
66294.9 93494.1
49295 77405.7
49179.4 77343.7
67182.3 91674.8
14538.6 62483.6
58513.5 30647.9
-981.705 14163.7
31914.7 86221.2
33158.7 90225
33159.6 90225.5
56652.9 32044.6
56848.7 79442.3
12057.9 10665.1
32027.3 86124.5
33159.1 90224.8
66430.8 91911.3
49102.9 77390
65716.4 92133
11859.9 10646.4
31899.2 85811.3
10148.1 93359.7
58409.2 30972.9
267.285 14342.9
33159.5 90224.9
11286.2 8708.83
33158.8 90225.6
55975.3 30880.8
56861.2 79491.9
1013.9 13674
66823.5 92425.6
12191.6 94626.4
49290.6 77099.7
56831.5 79289.7
49144 77319.8
14539.3 62481.6
66050.9 92252.2
67383.9 93413.2
33159.6 90225.1
49091 77353.5
10992 8987.37
10020.6 10064.6
14540.9 62482.2
56845.7 79287.3
32008.2 86034
56776.5 79160.3
49318.5 77393.4
57310.8 32961.8
11198.1 92735.3
1522.32 14035.1
58200.5 31571.3
31943 86009
-409.724 13487.8
33158.3 90225.6
31976.3 86233.9
58027.8 31043.9
66553.3 92663.2
49046.2 77365.8
33158.1 90224
49025.8 77298.5
11544.9 9677
31851.1 85977.9
49137.6 77387.4
49147.5 77465.7
33158.7 90224.5
56764.9 79286.4
11008.3 9344.54
10238.6 11295.7
49069.2 77456.5
33160 90225.3
55948.4 32546.2
59145.5 31475.9
67285.6 92161.2
9892.94 8402.84
12454.6 9803.7
56977.9 31423.9
14542.1 62485
57575.8 32337.6
33158.9 90225.9
14539.8 62483.9
11504.6 92559
1095.53 14675
56685.2 79264.7
1834.93 14011.5
57397.5 31345
33158.7 90224.9
57554.6 31940.8
-309.518 13509.3
56871.7 79247.3
14542.4 62484.2
10232 10604.5
56823.7 79504.5
66878.4 91593.3
66399.1 92030
9583.51 93959.1
11902.7 8739.44
12380.8 9025.29
10791 9666.92
11930.2 11737
66832.9 92243.5
67220.7 92224.3
49154.5 77291.2
14.7492 15416.8
31906.9 85948.5
67337.3 92588.8
56858.9 79273
10570.5 10268.7
32085.7 85960.7
11245.3 93448.5
56827.9 79446.3
56615.7 79237.5
10390.1 94077.9
14540 62480.1
49240.4 77246
9085.58 93301.6
1182.41 14998.5
56700.7 79219.5
56244.6 30549.6
56814.9 79329.7
49082.8 77327.9
56900.4 79362.2
14540.5 62484.1
10621.5 93034.9
49195.8 77125.3
10809.9 93225.9
48893.6 77280.9
67546.3 92232.6
57159.2 30447.7
33159.1 90224.5
33158.2 90224.5
14540.2 62482.6
11748.2 10331.6
11794.8 10923.8
48958.7 77197.1
31973.5 86168
49207.1 77530.5
10837.4 93513.7
12002 9972.9
55451.7 31818.7
11219.1 95049.5
846.6 15039.4
11213.3 10145.1
67433.4 91476.3
66602.2 92322.6
56441 31270.1
66879 92678.3
10882.3 94032.4
9749.08 9625.12
33159.3 90225.1
32054.6 85804.4
58751.4 31134.7
48973.3 77395.8
67093.1 91767.4
33159.4 90224.7
33159.1 90225
14538.6 62484.5
31932.8 86116.3
31943.1 86257
56644.9 79316.7
49054.2 77342.3
49038.8 77508.8
66592.5 92284.2
49046 77441.4
59273.2 32489.8
14540.7 62481.6
49178.3 77328.8
33158.7 90223.8
32112.4 86068.3
55937.6 33622.9
1027.66 15442.8
9622.26 93984.4
12357.8 9917.63
31923.4 86004.1
66771.7 91511.5
49126.6 77500.6
11048.1 9632.42
31897.8 86226.5
33159.4 90224.4
31827.9 86100.1
33158.6 90223.8
49302.6 77609.2
59003.8 32800.5
1160.54 13913
256.544 14183.1
-16.8234 14859.8
65905.8 92729.5
33158.6 90224.5
56808.8 79457.5
57303.6 33508.3
9635.12 92840.1
32009.4 85898.7
56910.1 79371.5
33158.2 90224.9
49309.9 77210.7
11602.8 10078.2
57611.6 33117.8
33158.5 90224.5
14541.1 62482.3
10904.6 11096
31973 86080.2
33159.7 90224.3
11037.4 93645.8
11469.9 10324.5
49239.7 77387.1
14539.5 62483.1
66737.6 92409.4
67060.9 92497
33158.7 90225
11666.8 10033.3
56761.9 30882.5
32121.1 86123.3
66212 92413.7
14539.3 62483.8
371.757 14407.3
49075.7 77394.4
49223.6 77148.9
58301.3 32940
56758.3 79376.6
10671.6 93126.6
33159.9 90224.8
32001.7 86108.8
11425.5 10897.3
11009.2 94003.9
49052.4 77321.2
67219.8 92555.7
49212.7 77350.3
56749.6 79430
11031.9 94508.6
1329.72 15247.5
320.062 14645.7
10539.5 94603.6
33158.7 90225
10390.6 9559.06
57886.2 31831
56844.3 79436.7
14541.2 62482.1
33160.3 90223.4
10085.7 93352.5
56316.9 32554.1
14537.9 62482
66907.7 91724.2
59280.7 31791.6
31890.1 86109.2
31844.8 85982.2
10268.6 10185.8
49147.7 77372.4
57843.5 30291.2
48900.4 77183.5
32104 86054.3
56576 31757.9
56790.6 79413.1
56780.3 79415.4
49220.4 77221.6
12686.5 9705.98
57736.8 30892.9
31701.2 86066.5
57481.5 30674.4
1050.35 15233.8
10462.5 93844
10155.3 93839.4
56855.7 79394.4
10046.6 93323.9
33158.4 90224
56763.1 79339
57260.9 31955.3
67603 91843.1
56189.6 32857.8
1134.07 13153.1
66558.9 91450.2
33159 90224.9
49184.2 77603
56865.7 79414.3
14537.4 62483.6
49093.9 77388
14541.8 62484.4
56740.1 79217.8
33158.7 90224.6
31897.2 86217.7
32015.2 86072.6
49060.6 77415.8
57123.2 31991.8
1314.2 14802
32081.3 86152.3
56869.8 79273
32016.6 86070.4
57317.8 32916.6
33158 90224.6
57950.3 32137.6
31894.3 85977.5
33159.3 90224
58563 30845.4
-564.856 14001.5
56782.3 79410.1
32108 86095.9
66982.2 93115.7
1254.1 13264.1
56236.1 31344.4
56658.9 79354
33158.2 90224.3
56850.6 79364.1
9948.72 93512.6
31979.9 86091.1
49060.8 77340.6
758.812 14137.6
11069 94015.6
11815.7 10364
56865.6 79274
33158.5 90224.8
11837.6 9926.81
33157.6 90224
31927.8 86068.7
66388.1 91377.4
66927 92592.8
32032.5 85871
10994 9897.56
56191 32091.9
9902.2 93025.1
14538.7 62483.6
48995.7 77111.1
10566.3 93627
58721.4 32375.2
56745.2 79344.8
-977.841 14285
257.579 13280.1
33158.7 90224.9
11492.8 92181.2
56670.2 79235.2
1263.45 13457.4
31914.2 86035.1
49223.7 77393.6
66234 91766.7
32149.4 86079.3
10819.1 94121.9
-526.205 14111.8
31961.8 86051.4
49106.1 77296.2
11730.8 10525
33158.5 90225.6
56720.9 79343.2
31727.6 86035.4
10618.5 92609.4
33157.5 90224.7
67177.6 91445
33158.2 90224
33158.7 90224.6
49239.7 77477.8
14540.5 62483.9
33157.7 90224.6
10995 10112
10868.1 94147.1
-455.483 14031.9
10929.3 93589.6
56845.2 79504.4
33158.7 90223.4
10144.3 10486.6
48964.7 77356.9
2216 13750.3
679.866 14617.2
11554.4 10636.3
14539.6 62484.1
10988.5 10703.1
33157.3 90224.2
56822.1 79332.2
57957.8 31787.6
66335.7 92687
33158 90222.9
66441.7 92475.6
49015.4 77328.1
10858.6 92943.7
56319.4 30742.2
66923.6 92558.7
10137.9 93963.5
-347.376 14264.9
56748.5 79412.7
56695.9 79369.9
49319.5 77337.4
56617.4 31062.3
33157.9 90225.9
31900.6 86028.9
10699.8 93223.6
33158.4 90224.9
14541.3 62483.1
66952.6 91807
49211.3 77361.5
10511.8 93092.4
33157.5 90226.1
33158.6 90224
11407.3 10056.1
33158.2 90224.8
14541.2 62483.6
56915.4 79560.7
65531.8 91766.8
57144.1 32652.7
49213 77167.9
2058.98 14385.4
33158.2 90224
31891.6 85876.8
10946.9 93689.8
1324 13997.8
31871.2 85942.2
33158.2 90224.9
49162.4 77235
57229.9 32159.5
57784.1 31452.6
10607.1 93059.9
1267.95 14902.6
66711.5 91152
57979.5 32906.6
56736.4 30883.8
33158.7 90224.3
33159.4 90224.8
420.986 12741.2
11246.4 9922.02
11444.7 10059.8
10687.6 10796
57145.7 31525.3
14539.9 62483.5
14541.3 62483.9
9967.58 93737
9963.25 9558.44
10405.8 93422.4
-116.071 15814.3
14542.6 62482.3
57017.9 31833.6
58456.4 33881.1
49108.8 77252
32052.1 86074
11629.7 93375.9
33158.8 90224
847.3 14952
10997.8 94533.2
31918.4 86033.6
11434.4 10252
56612.9 33565.5
48955.4 77232.1
12793.6 9694.25
58123 31781.2
1874.28 14689.7
66794.8 92146
49269.6 77333.7
58064.7 32634.6
421.264 13971.3
49092.9 77352.4
57238.9 31959.2
31994.7 86063
57281 31747.6
49123.5 77287.7
66927.2 92501.7
1317.74 13362.4
14538.8 62484
14538.4 62482.4
10965 8960.46
49033.8 77372.6
10265.7 93025.8
66994.4 92031.9
67317.1 91997.7
33159 90224.4
56543.6 30876.5
14540.5 62485.2
11177.2 93808.2
32048.2 85857.8
56599.8 79384.6
11226.2 10070.9
11911.9 10728.2
11996.8 9926.48
66811 93088.2
11473.9 93134.1
10104.3 93251.9
11043.8 93042.4
14540.6 62483.5
14540.5 62483.7
49129.9 77320
33158.7 90225.3
407.182 15812.5
67483.9 91280.5
49160 77494.5
11040 92488.9
116.946 14556.8
32048.8 86059.4
394.312 14903.4
48905.1 77346.8
66353.2 91600
1321.34 15128.2
56761 79414.9
14541.7 62481.6
11021.9 93419.9
48968.2 77229.8
58568.6 29777.9
65914.6 92028.3
1498.07 12498.9
57531.1 32729.6
66029.6 91876.2
14541.8 62481.2
49215.1 77259.2
33157.7 90223.4
14539.1 62484
14540.2 62482.7
56766.5 79349.7
1226.81 14217.1
56652.1 79351.4
48978.8 77397.1
33158.8 90224.2
32177.6 86102.6
56747.3 79202.4
57249.9 32127.9
66650.7 92045.1
11117 9657.65
33158.3 90224.2
49060 77281.6
11573.6 9860.69
58950 31292
776.934 14324.2
33159.8 90224.9
11167.8 93301.9
65991.4 92513.2
56828 31233.8
49043.3 77203.4
14540.7 62483.2
49201.9 77219.6
14540.1 62483
14542.3 62481.8
65999.1 92217.9
10308 93620.6
11296.3 94033
56806.1 79552.2
33157.8 90224.7
723.341 13762.4
58345.3 32463.4
56792.8 32925.8
14538.8 62480.9
11205.5 10713.5
65929.3 92266
57206.6 32655.8
11025.3 10567.1
59098.3 32623
66498.5 91798.5
33157.4 90224.5
49056 77202.9
1237.59 15327.6
973.07 15313.8
57272.1 30201.2
11211.7 93081.7
33157.2 90226.3
1066.39 13567.2
66769.8 91551.1
11278.7 10682.1
31941.9 86023.1
14539.2 62483.1
1086.72 13974.8
11536.8 93397.3
65880.6 92530.1
49062.4 77059.8
56822.8 79270.9
67335.4 92215
33158.1 90224.8
49199.3 77167.4
10805.9 93247.1
49090.2 77473.9
14540 62483
66080.6 91963.7
10777.3 9553.77
14540.1 62484.7
31722.4 86054.1
10238.7 93561.7
56666.1 79218.2
10039.2 10129.9
14539.9 62483.7
56954.1 30725.9
49428.6 77431.9
33159 90224.5
31981.5 86117.7
14540.2 62483
2054.56 14590.8
33160 90225.2
66635.9 93252
10835.5 94016
14541 62484.1
66227 92689.6
1433.64 14550.8
49068 76998.7
33159.2 90223.8
11188.4 93866.3
56764.6 79334.7
49111.8 77442.9
56752.9 79186.9
66845.9 92142.6
33159.1 90224.4
31831.7 85978.9
14541.5 62482.4
58579 30386.5
57454.9 31820.6
56843.7 79491.5
31985.5 86017.9
57477.6 31617.2
32018.6 85990
14539.1 62483.6
49313.3 77223.3
56774.4 79480
56759.9 79337.5
56838.3 79498.8
10537.5 93026.5
56725.8 79276.3
49146.2 77431.2
11798.2 10910.2
10695.9 93393.6
45.3307 14594.1
11114.5 10509.8
1388.37 12544
10386.8 92987.3
656.229 13817
11155.4 94771.9
56677.4 79448.9
11469.2 9775.76
32091.8 85901.7
32058.6 86084.2
14540.8 62479.4
58322.1 30620.5
33158.5 90224.9
14539.2 62482.4
31920.7 85956.1
31870.7 86064.8
56843.9 79272.4
56737.6 79449.1
56702 79301.9
11762.9 11184.2
14539.9 62482.7
65830.5 92009.1
49113.3 77300.9
57194.3 34226.8
11004.5 10040.5
32021.6 86132.7
66406.6 91518.4
296.403 14368.6
49288.1 77232.3
66833.1 91898
12273.1 10702.4
57410.9 32967.8
33157.7 90226.1
1305.16 14379.7
49188.8 77446.5
66838.1 91684.4
10858 10184.7
9989.16 93381.6
66428.4 92090.3
1068.77 15362.6
58489.8 32203.8
11036.5 93091.3
10712.9 10317.1
1970.98 13261.2
56792.8 79426.2
11280.6 9529.27
14540.3 62481.8
33159.3 90224.4
56869.2 79420
49229.9 77345.9
33158.1 90223.8
66284.4 91633.3
547.971 15233.4
56808.6 79307.5
33158.4 90224.4
1403.46 13872.9
56767.6 79191.5
11697.7 9625.66
56859.9 79375.2
11297.1 8719.37
33159.4 90225.1
56583.8 79233.2
10360.2 93325.9
11497.1 10178.4
66195.3 91723.2
33159.2 90224.4
49103.6 77316.2
49290.7 77330.6
761.489 14618.6
858.283 14900.9
58680.3 30686.8
11368.6 93204.4
32027.6 86106.5
49105.9 77402.8
450.398 13543.3
33159.3 90224
49201.1 77218.2
66855 92096.3
10674.7 93797.4
10778.1 93599
1883.53 13455.4
33158.9 90223.8
66359.7 92110.9
33159.6 90225.1
48948.6 77395.7
11637.4 9323.88
66832.2 92627.7
57210.7 31695.2
31790.7 85954
10426.3 93319.7
49150.9 77497
14539.6 62484.1
56824.6 79418.8
49116.3 77515
56822.6 79356.9
58938.3 31691.7
11262.9 10478.9
10298.3 93418.1
14540.2 62481.9
31953.5 86047.1
32025.4 85966.7
56844.1 79213.6
31952.3 85940.7
32071.4 86019.8
10148.2 9321.07
14542 62483.6
33158.2 90224
66974.3 92665.3
31864.9 86008.8
33158.3 90225.2
66911.7 92220.2
-396.252 14371.9
58184.1 32123.1
56785.4 79473.5
33159.9 90224.8
14540.8 62482
14540.8 62481.6
653.456 15027.1
56592.7 79210.9
14541.1 62484
-328.473 14949
31932.8 86198.3
11456.6 93877.2
14540.7 62480.5
66844.6 92586.9
56726 79389.2
56816.7 79319.5
49172.3 77340.8
820.529 14308.8
58375.2 31845.7
48904.3 77377.2
-23.0875 14160.3
10174.1 93093.4
11087 94137.3
14538.8 62481.6
56494.8 31895.5
14539.5 62483.2
11459.9 9357.53
33159.8 90225
56677 79265.9
67580 92792.3
113.016 14504
14540.9 62485
33158.5 90224.7
66603.8 92672.3
10411.4 8404.86
10868.9 93903.7
10967.5 94637.9
654.188 14317.5
31847.2 86121.7
14541.1 62481.6
56690.6 79284.6
1679.76 14005.1
32004.4 86245
48994.4 77334.1
49288.7 77593.2
33158.7 90224
10406.5 93826.3
56687.7 79373.4
65928.9 91593.1
33158.1 90225.2
31936.2 85756.2
11091.7 94142.3
33158.8 90224.7
32059 86047.4
2625.45 14096.5
14542 62483.6
14540.4 62481.9
56872.6 79440.3
56827.4 31487.2
58403.6 31479.3
49043.6 77260.1
32021 86077.9
-769.208 15601
31861.1 85876.3
67755.4 91663.6
56764.7 79255.8
31979.3 86180.6
14540.1 62482.3
14540.2 62481.9
10560 10182.1
10484.2 93926.4
49175 77522.5
31908.9 85993.4
11648.1 94004.3
33158.5 90224.2
11013.2 94132.2
945.862 13857.7
56803.7 79508.3
56705.3 79351.3
10751 94014
10837.1 93433.8
56631.5 79359.1
67080.1 92196.5
56742.9 79429.5
33158.7 90223.7
10128.5 92245.8
66529.1 92443.2
11501.3 9956.42
11510.9 11030.3
33160.2 90225.1
67445.5 92566.9
56120.5 31662.9
33159.8 90223.7
11055.7 93947.1
12209 10213.6
12729.5 10873.1
31913.7 85752.2
9898.59 93626.6
33159.5 90225.1
33158.6 90224.8
56084.7 30869.4
1401.27 14821.5
56705.2 79305.8
10740.8 9614.64
1278.74 14917.5
49259.3 77242.7
9665.74 10143.6
33159.5 90224.7
10566.1 94212
525.288 13699.6
1451.55 14284.5
57338.3 30858
66682.3 92079
49199.1 77121.9
10999.8 9624.66
1670.48 15308.6
33158 90225.8
14540 62481.6
32079.1 86090.2
66982.9 91943.5
11115.7 9391.43
55893.5 32400.7
56882.5 79328.7
56806.6 79407.5
66147.9 92260.2
56698.3 79362
14539.4 62482.8
49045.7 77200.4
31913.3 86092.5
48991.2 77401.5
32168.5 86293.7
10742.2 10211.3
11559 10228.7
56762.8 79405.9
31968.7 86034.1
32059.8 86019.1
31907.9 86066.1
11622.9 8986.86
14539.1 62482.6
9853.67 92918.7
31867.1 85936.9
49076.4 77206.1
58673.4 31514.5
58937.4 31389.8
33158.7 90225.7
66249.6 91474.8
11637.6 94292.7
10869.5 94094.1
32002.3 86045.3
32122.6 85913.3
33160.1 90224.2
11154.3 11283.1
48912 77341.6
49179.6 77111.3
165.152 14834.5
14540.5 62481.7
32094 86006.6
14539.5 62482.9
11553.7 10219.7
31962.7 85991.3
121.437 14031.4
6.2703 13371
10882.1 9706.91
32031.1 86185.7
66811.6 92438.7
9959.34 10232.4
56841.6 79258.5
66111.2 92466
32200.5 86139.3
57092.3 32464.4
33158.9 90223.7
56761.6 79310.6
14539.5 62482.6
1880.12 13413.3
10966.7 9768.48
57279.1 33166.5
49086 77399.8
11386 10023.1
49320.1 77292.4
49035.5 77432.2
11283.6 94319.1
31979.9 86153.7
49116 77378
33159.4 90224
11273.9 94059.9
57217.1 33250.7
57829.8 31265.7
57363.7 33266.9
56901.6 79396
57945.4 31839.9
11529.2 9535.37
66793 92106.2
10794.2 93406.8
11750.1 9919.97
66248.4 92358.9
56998.5 79313.1
10695 93597.1
48961.3 77214
58588 32381.2
12287 9654.39
65941.6 92629.7
550.798 14413.8
-1575.23 14397
56743.6 31961.3
652.335 14277.5
12353.9 10276.7
49160.1 77520.9
10803.1 9812.94
11322.8 93835.4
33159.2 90224.6
48956.8 77194.5
9823.18 93952.2
49219 77375.5
56753 79427.5
56771 79481.5
66495.9 92758.2
-913.464 13892.6
31755.6 85917.3
33157.5 90224.5
33157.4 90224.2
56324.6 30445.5
14541.2 62482.6
11988.5 10084.2
57811.7 31537.9
56767 79515.5
66154.6 93187.2
11269.3 9887.2
607.022 14013.2
14540.3 62483.2
57414.4 31741.3
31984.3 86084
10665.5 93719.5
32032.4 85956.8
14538.9 62486.3
65892.3 93734.7
14541.3 62482.6
56775.4 79332.1
56946 79319.4
825.798 14991.9
1496.02 15501.6
49041.2 77380.9
57229.1 30460.8
10740.6 10934
14541.8 62482.6
513.418 13849.7
56750.3 79407.7
11731 93754.6
56882.9 79377.5
33158.8 90224.4
56818 79388
10324.3 92661.6
14542.6 62483.8
66982.2 92318.7
49320.5 77530.5
32198.7 86133.9
12072.6 93530.7
824.53 15122.6
32202.3 85955.7
1032.22 13716.3
33158.2 90224
58293.4 32065
471.11 15226.7
56692.5 79467.7
10754 9732.01
33159.2 90225.6
11274.6 94375.6
296.716 14269.3
58611.1 30857.5
56697 79383.9
56858.7 79194.1
31811.4 86228.8
31844.1 86169.5
1860.98 13445.3
1976.85 14077.2
14540.4 62483
56645.2 79463.5
66588.8 92606.1
2136.52 14712.3
49059.9 77439.7
12054 10367.8
14538.6 62483.8
14540.8 62482.1
56905 79190.8
11604.8 10261.1
1391.09 14433.9
14538.4 62481.2
10979 9694.75
33159.3 90224.1
14540.5 62484.9
31839.2 85800.2
10708.4 93002
56787 79287
14539.7 62483.6
56733.4 79399
1950.55 15228.4
11073.2 9643.21
56729.9 79334
56899.3 79458.4
49165.7 77355.4
33157.4 90224.3
48874.2 77342.6
10639.6 92778.2
67357.1 92318.4
12062.9 11587.5
31822.8 85995.8
11214.6 93215.4
14541 62481.4
66319.7 92375.3
32004.2 85679.1
10536.2 92853.3
14541 62483.6
66604.4 92216.3
14541.5 62482.5
58302.3 31768.8
33158.7 90224.6
49294 77362.8
32128.7 86120.7
66496.4 91987.1
32039.3 86077.9
14539 62481.1
58127.8 31159.4
32150.5 86019.9
58542.4 32525.2
31819.5 85974.2
56695.5 79404.4
11398.9 10732.6
10433.3 93376.5
66534.5 91533.8
1395.16 15119.5
49222.1 77203.2
452.674 15115.8
10055.9 93361.5
66293.8 91827.6
49000 77039
57402.8 31797.8
66349.6 91917.8
67260.2 91675.2
11364 9662.92
32037 85926.1
65837.5 92106.9
10967.8 10182.5
66285.5 91954.7
32010.8 86141.5
33157.6 90224.7
870.372 14678.5
66627.7 92209.4
31872.8 86034.2
14540.6 62485.8
32190.4 85998.8
56920.4 79425.6
57725.5 32133.6
49111.9 77386.6
56867.5 79200.3
33157.8 90225.3
10340.7 93273.1
49195.3 77434.5
14543.7 62482.3
10454.3 94030.9
79.8688 16025.3
67235.7 92144.2
14539.7 62484.3
14539.3 62482.8
66523.1 91795.7
32038.8 85893.9
11617.8 10192.8
33158 90224.9
67050.4 93078.1
33158.8 90225.7
14541.6 62483.7
55872.2 32212.7
1866.09 13761.9
33160.1 90224.4
2317.5 14916.1
31889 86079
31934.2 86083.9
33159.9 90224.1
55150.8 31227
31906.8 86060.5
57429.6 30607.4
57291.4 33395
56862.5 79481.4
33158.5 90226.3
67433.6 92486.1
49252.2 77387.9
11686.9 10383.6
33157.6 90225.5
-1300.65 14065.6
56665.2 79429.9
56729.4 79448.9
56810.5 79299.7
11026.9 8264.2
66901.2 92245.2
56879.3 32103.9
33159 90226.2
65970.9 91624.4
66684 92683.7
57770.2 32498.2
56777.1 79252
-336.455 12676.2
56663.9 79359.2
11890.9 94107.5
14540.2 62484.8
57058.9 31575.9
12516.2 9583.18
14539.3 62484.9
57069.2 30912
66338.3 91683.6
31861.6 86041.1
9974.48 93553.9
56856.4 79442.3
9653.31 10041.7
56930.4 79350.2
56668.9 31376.6
66551.9 92415
58835.3 30911.9
49099.1 77054.4
10399.1 9366.12
10897.3 93762.4
31791.6 86154.6
-459.282 15187.5
56770 79380
31810.3 86035.8
56943.8 30800.9
9668.42 93608.6
33159.6 90224.3
33157.1 90224.2
67653.3 91539.3
14540.9 62483.4
57815.9 31146.6
9854.52 93799.1
49178 77438.3
66819.1 91747.1
968.112 13665.3
66267.7 91806.9
49121.1 77385.5
33159.3 90225.9
56800.7 79313.7
2089.27 15108.5
49188.3 77314.4
31932.1 86005.9
67027.1 92557.5
49160.8 77454
67.2772 15652.6
33158.4 90224.6
14543.5 62482.3
31742.9 86001.6
56702.2 79495.2
56740.3 79391
10439 94003.2
497.376 13772.8
66067.4 92392.1
56894.2 79253.6
14540.4 62483.9
33157.9 90224.4
32215.6 86042.3
56744.1 32596
10253.5 9311.75
67304.1 92404.9
650.332 14364.1
49501.7 77198.7
56699.2 79321.5
11486.7 11213.9
14540.9 62480.5
14539.9 62485
33157.9 90224.9
1233 13948.2
10686.4 93282.2
49079 77391.9
33159.6 90223.7
49101.9 77177
57456 32615.7
11256.8 10863.9
33158.9 90224.2
31911.9 85979.5
33159.9 90224.5
57919 31822.8
31919 85939.6
49204.3 77226.6
-612.004 13899.4
32035.1 85927.8
10494.8 10104.2
57599.9 31754.4
56901.5 79443.1
56668.9 79542
14540.7 62480.9
451.202 15000.1
31751.4 85895
56868.5 79434
9988.7 94143.8
14541.6 62482.4
32061.2 86255
56703 79433.3
56866.5 79235.1
14541.5 62481.9
48996.2 77322
49256.7 77254.1
49242.7 77495.7
49177.8 77379.6
33157.7 90224.7
32121.4 85805
33158.3 90224.7
14542 62482.5
32284.7 85991.2
57219.1 32647.4
14538.4 62484.2
33158.8 90224.1
33158.1 90225.3
66789.2 92303
56740.7 79415.7
48996.4 77524.5
56798 32645.2
31970.1 86031.6
14540.5 62485.6
10504.3 94467.5
33158.6 90223.1
49208.7 77544.8
469.989 14448.8
33158.4 90224.1
12037.8 9246.96
-36.0967 14056.9
57199.4 32378.8
10502.9 10328
56889.7 79207.5
11839.6 10446.3
14540.7 62483.8
31887.5 85946.8
55613.3 30602.3
11612.6 9073.61
49055.4 77355.4
31950.7 85981.5
11265.8 94148.5
32015 86174.4
14540.8 62482.5
31823.1 86058.9
59015.2 32102.7
57662 31607.6
33158.6 90224.7
56751.9 79253.3
33158.9 90224.4
49248.1 77538.3
31945.6 85906.3
32028.4 86131.1
11359.4 92895.6
66341 92697.1
31831.4 85925
865.132 13155.1
966.838 13903.2
1091.56 14561.8
66663.7 92252.4
56827 79351.5
33158.3 90225
14538.9 62482
31900.7 86051.1
10912.3 93980
33159.2 90224.5
67562.9 91398.7
10592.6 92519.4
32095.9 85792.6
48946.4 77565.9
33159.2 90223
56844.1 79310.7
33159.6 90226.2
67275.2 92155.2
57227.7 33213.6
33157.5 90224.7
33158.3 90225.4
33159.4 90225.7
31967.1 85846
10449.6 94909.7
12061.5 10055.2
57830.4 32230
12122.3 93337
10548.9 9933.67
65850.1 92195.6
14540.5 62482.6
10753.4 10150.1
49067.5 77555.3
68159.6 91818
56692.4 79377.8
56813.5 79368.9
57705.5 30959.1
10804.4 93779.1
57554.7 32879.1
10748.7 10478.9
66046.6 92497.3
408.41 14999.2
33158.6 90224.8
14541.2 62484.1
14540.7 62483.9
11158.2 10454.4
10688.1 92978.4
66640.8 91873.6
66891.9 92304.5
14540.6 62485.2
14542.3 62483.5
32016.9 85937.9
11402.5 9838.87
59082.5 32661.6
56641.3 79455.2
49325.8 77549.6
49064.6 77568.4
12750.4 9509.45
33157.5 90224.5
57552.5 33301.8
14541.4 62483.6
11095.4 93347.2
10969.7 94473.8
248.409 16025.7
14537.5 62484.6
56726.3 79456.8
66836.2 92449.3
56757 79580.4
10423 10582.3
33157.6 90223
31899.8 86115.8
33159.9 90224.2
33158.7 90222.8
33158.3 90224.3
10764.6 10554.3
11227.5 9428.54
66404.5 92812.3
11563.9 10632
65823.7 91915.8
1236.69 13311.4
33158.7 90223.9
11588.3 93413.3
1167.66 15602.3
56770.8 79264.2
66428.5 91901.4
14541.3 62482.7
10094.6 93162.4
56918.6 79434.9
14539.1 62483.3
33159.5 90224.7
157.657 13645
10197.6 92787.5
33158.3 90223.9
9984.48 93420.4
11297.5 8746.61
56090 32080.3
56857 79371.4
67640.8 92682.9
11395.1 93234.6
367.592 13988.3
10911.8 9119.61
10700 92214.7
56754.2 32544.8
65982.7 91973.8
33158.5 90224.3
56983.2 31166.9
14541.4 62483.3
31975.4 85857
49271.6 77369.4
10865.9 93446.1
-908.756 14283.7
10800.1 9759.54
49036.5 77374.6
33158.2 90224.7
678.03 15321.5
14540.5 62484.1
12428.3 10550.7
1284.52 13780.2
58620 32339.3
56820.1 79306.1
66809.3 92602.5
56866.7 31513.4
31907.8 85897.7
10727 94108.4
58727.7 33251.1
32136.3 85875.7
56347.7 30663.3
10873.1 8536.4
58395.8 32576.1
57693.5 33235.4
472.102 14528.2
49111.9 77208.2
57942.3 32420.6
32030.4 85927.1
56787.1 79357.8
56860.7 79391.3
56680.8 31967
66457 92617.7
56737.2 79384.8
56738.6 79300.4
66805.3 92942.9
66907.1 92036.8
-1423.23 15565.6
14539.4 62481.7
10762.6 9729.33
56776.5 79325.4
49181.1 77371.9
31957.3 86033.5
66819.9 92136.5
33157.9 90223.1
14538.5 62485
32196.8 85805.5
14540 62483.8
14540.5 62484.2
31982.6 86126.6
56690.6 79469.4
66376.9 92405.6
9981.47 94245.7
14542.4 62481.9
56774.2 79338.4
66937.5 91865
33158.7 90225.4
10648.3 8936.08
-559.358 14459.1
14538.2 62482.1
-1311.45 13842
14541.3 62483.5
56945 79478.1
10985.2 92753.8
56155.5 32637.8
33158.7 90224.7
67214.7 91617.5
56821 79445
67131.8 91977
11684.3 94024.8
14539.8 62483
11235.1 10259.9
49237.8 77398.6
14540.8 62482.5
33158.8 90225.1
56730.3 79279.4
49313.5 77495
66135.3 92050.5
66361.7 92876.3
31903.6 86132.4
58825.1 31892.8
56760.8 30804
66234.5 93220.3
67631.6 91364.5
10204.6 10202.1
11852.6 94279.2
11815.1 9745.05
65908.1 93044.7
56262 30582.7
56841.8 79248.6
32155.3 86215.9
32028.9 86212.8
58708.2 31070.4
532.05 13456.6
32149.1 85938.4
33159.2 90226
66688.7 92847.9
66327.6 92662.2
10290.9 94479
-395.26 15147.8
14539.7 62484.8
1399 12290.3
56708.4 79259.1
-204.342 15079.4
49057.9 77396.9
56726.7 31982.6
56832.1 79426.8
-54.1029 13626.8
56746 79349.5
10038.5 8670.15
14541.6 62481
1639.26 14285.1
66847.5 92737.5
31881 86062.7
66844.8 91571
49302.2 77629.7
11281 93587.6
48871 77412.4
488.159 13561.6
57807 32604.1
11961.4 94372.7
56885.1 79440.3
56942.6 32371.3
57379.7 33184.8
14539.1 62484.8
57992.1 30975.4
-485.862 15947.4
32267.9 86150.9
33159.4 90225.8
216.738 15967.6
810.984 14842.7
58267.9 32452
56559.1 79517.1
33159.4 90225
11437.8 9254.06
10522.8 93694.6
1050.22 14789.6
14539.6 62481.1
788.621 14429.9
66888.3 91330.9
56786.8 79344.8
49118.7 77307.2
49303.2 77156.3
57762.8 32068.6
66404.7 92412
14543.2 62482.6
66557.4 92073.4
14540 62484
11124.3 10307.3
57788.1 30639.1
558.082 13718.4
10766.5 9826.48
11718.6 10706.5
11096.2 93902.8
49231 77566.2
56821.5 79278.1
49147.5 77189.8
11373.2 10731.4
33159.2 90224.3
31972.4 85939
31951.5 86231.3
49187 77108
10573.7 93469.6
33157.9 90224.1
31968.9 86135.1
11191 9442.73
14540.6 62484.9
14541.1 62481.5
56792.8 79346.6
33158.4 90225.2
10693.8 94145.2
33157.6 90225.2
11856 10053
49045.8 77310
56780.4 79407.7
48989.8 77478
10287.2 94570
56812.2 30525.1
12168.6 10050.2
10115.3 8840.19
33159 90225.5
56793.8 79286.7
58992.5 31789.6
14539.9 62483
21.4273 12993.6
66110.2 92138
57563.2 32895.6
57210.4 31692.4
67094.8 92307.4
31940.4 86213
10662.8 9822.64
56594.9 31764.2
10437.5 92739.7
11770.3 9763.01
56857.5 79341.6
10777.5 94184.2
10719.6 92991.5
66395 92974.7
2090.24 14644.7
31869.6 86149.5
11623.8 8036.25
1073.05 13881.8
66828.7 92450.8
32033.5 86057.7
57358.8 31259.9
57649.7 30560.1
49151.7 77335.9
57427.3 32137.3
33158.9 90223.8
49148.8 77441
66482 91967.9
10574 9283.39
10417.9 93228.8
33158.9 90223.3
56890 79431.8
10435.6 10933.9
1195.39 14920.6
31946.5 86252.1
10855.1 92254.6
11060 93634.1
56885.4 79289.7
11561 93412.3
33158.1 90225.1
32058.5 85981.6
56668.1 31992.2
49137.1 77367.2
31770.5 86052.4
33158.9 90225.2
1232.44 14783
14542.4 62484.6
49089.3 77406.7
56688.6 79374.2
49239.4 77344.5
2079.1 13426.5
14539.6 62483.1
14542.6 62482
10439.3 92325.4
1273.81 13885.3
1516.58 12872.4
14540.5 62482.2
11199.2 9688.11
49085.7 77360.5
56894.1 79384.1
49425.6 77592.9
56755.8 79437.5
48901.7 77306
56889.3 31585.1
14539.6 62485
49375.7 77224.5
48963.3 77456.5
31961.8 85975.1
32062.2 86234.2
33158.6 90225.2
48905.7 77359
56694.6 79529.6
1643.81 13537.6
56724.8 79364.8
56722 79403.7
57799.1 32183.3
66708.8 91835
58895.6 31817.5
33158.7 90225.2
11105.3 9615.16
14537.9 62484.9
67300.6 91770.8
56883.4 79427.3
56483.1 32430.8
33158.6 90226.5
56729.6 79322.2
10736.5 93280.4
57431.1 31294.4
14538.9 62482.7
49066 77473.8
954.083 13565.6
11227.1 9752.26
11027.3 94269
57262.7 30475
59035.2 31979.1
532.932 16764.4
33157.8 90224.7
66374.7 92528.4
2180.75 14828.3
33158.8 90225.2
11660.1 9394.97
57467.5 30875.2
56925.2 32403.8
56748.4 79217.4
518.202 13690.7
-301.847 15036.5
10828.7 93853.3
10668 94054.1
56658.9 32042.3
56913.4 79332
48999.6 77670.2
31989.9 86027.5
10905.1 9394.62
11573.3 93631.8
12459.5 10207.8
66975.9 92021.8
56670.4 79314.1
57642 30696.8
56843.1 79423.7
33159.1 90224.2
67603.4 92181.6
67145.1 92921.3
66850.7 92577.8
14541.5 62483.7
2135.37 14780.9
33159.6 90225.1
14542.5 62484.4
67698.8 93594.3
11715.5 9756.76
49171.4 77357.8
1045.87 13667.3
11165 92497.8
33158.1 90223.5
12541.6 93664.1
1561.37 14130.6
58043.5 31045.1
11370.9 94183.7
11612.3 10012.8
33159.4 90224.4
56810.8 31405.7
14543 62483.3
32137.4 86052.5
10985.7 9741.27
33159.4 90225
32094.8 85732.4
56482.2 31627.7
10092 92940.6
14539.4 62485.3
49087 77274.2
56576.8 79324.6
10514.1 9989.34
31901.9 86035.3
49134.4 77386
33160 90223.9
66779 92414.8
9842.93 10569.9
11557.2 10711.8
31830 86145
49111.3 77444.7
11530.3 93580.3
58216.4 30885
57543.7 31460.1
58468.3 31571.2
14540.7 62485.1
49073.9 77119.3
10491.6 93193.3
31890.3 85856.1
49143.4 77554.4
9904.45 9052.32
49089 77386
66659.4 92635.9
33159.4 90225.3
49142.5 77246.2
33157.4 90226.5
10713.6 93152.3
58123.2 33053.8
14539.1 62482.7
9937.99 92569.4
31874.7 86005.4
31836.2 86102.2
12815 10045.4
10997.6 8673.67
31721.8 86138.6
57383.7 31313.8
66966.7 92592
57381.9 31174.3
49434.9 77474.2
49186.7 77446.6
49053.4 77420.7
56750.6 79350
14542 62483.5
14541.8 62484
2314.23 13467
56857 79377.9
49038.6 77270
58603.5 31462.4
31898.5 85923.1
11261.3 93035.7
66539.9 91766.4
564.2 14454.3
14540.6 62482.7
32132.9 85965.7
66880.3 92274.1
882.8 13660.1
66821.3 92574.7
67305.5 92439
31895.9 85815
11584.9 93652.9
56637.4 79393.5
56836.8 79455
10980 92911.4
14539.7 62480.7
14540.1 62483
32166.6 85882.1
32004.5 85935.3
11184.7 10778.7
10753.9 93995.9
11467 93399
66973.2 92785.4
33158.1 90224.5
31821.6 85929.9
11339.9 93961.9
11328.5 9850.63
773.096 13403.4
32110 85957.6
57531.4 31633.7
9845.93 9824.4
56759.3 79403.1
55825.8 30828.9
49075 77083.3
14542.3 62484.3
56701.9 79130
66480.5 92691.1
32071.7 86188
56784.8 79280
56744.5 79417.5
33158 90225.4
33159.6 90224.4
56775.8 79269.2
10978.8 94034
66257.1 91711.3
2175.37 13325.1
1381.79 13707.3
10128.1 94216.6
14541.5 62482.3
14540 62486.1
56792.8 31341.8
480.74 14835.4
1154.91 14697.9
14541.1 62482.9
57944.4 32730.7
14539.1 62484.3
1247.89 13929.2
49271.1 77220
33158.6 90224.4
56855.6 79342.9
67415.6 91624.8
66700 93087.5
49026.1 77313.5
873.225 13962.3
32099.9 86045.8
32103.7 85915.8
14541.7 62481
56601.3 32817.9
32082.6 85891.6
57407.8 30868.4
10852.8 9462.85
49253.5 77241.7
31876.6 86073.5
191.884 15176.7
33158.5 90224.5
57520.2 33403.2
56744.1 79330.2
58101.1 32187.9
56559.7 32645.9
49332.6 77168.7
56675.6 79368.5
66950.1 92228.7
58079.5 31574.8
14538.1 62485.3
10401.8 93876.4
14538.9 62482.7
10121.3 93225.9
-921.829 14493.1
188.669 14219.6
563.108 13516.5
66493.2 91621.7
67696.7 92391
49150.4 77162.5
32125.1 85810.3
49327.9 77341.5
10869.3 94219.8
31854.2 85943.7
11569.5 10039.7
67081.3 92097.7
56783.7 79245
58842.8 31070.3
33158.6 90223.8
57141.1 31473.9
10800.8 11792.8
49039.2 77139.2
14539.6 62483.3
49098.3 77350.8
32009.5 86236.4
11304.6 10917.8
14541.3 62485.1
49219.2 77396.8
1456.09 13392.7
10775.5 93705
56669.9 79350.3
66927.2 92270.8
49232.9 77390.1
66683.3 92279.6
14541.7 62481.5
10746.7 92908.5
49105.9 77336
49034.2 77265.1
14541.2 62481.2
14539.2 62482
14539.8 62483.1
14540.3 62484.1
11055.2 9767.05
1472.38 14383.2
66446.7 92900.4
10749.8 9711.77
66754.9 92171.9
11242.9 93936.6
10052.2 94093.1
1268.71 13569.3
56877.9 33326.2
58070.5 31612.8
57768.9 30009
31953.3 86013.1
14541.8 62482.8
49115.1 77464.3
11373.2 9613.94
10428.8 94264.5
56894.5 79285.6
-448.571 13490.9
66797.6 91869.3
48933.8 77546.7
10574.8 93460.6
14543.1 62483.1
14539.4 62482.2
14540.2 62482.6
325.866 14327.7
32154.2 86048
10076.4 94839.1
66678.6 92368.2
14540.3 62482.8
14541.6 62480.7
31896.4 86055.2
14539.4 62483.2
33158.5 90224.7
49167 77513.6
56898.8 79325.1
708.616 13784.3
33158.7 90225.9
31891.5 86041.5
1059.41 15355.6
987.034 15003.8
10814.2 10423.6
32001 86106.2
-141.156 15674.5
56699.3 79313.3
49061.9 77505.3
867.532 14144.6
31934.2 85921.8
10762.6 9361.57
56701.4 79255.4
56129.1 30150.7
58541 31767.6
56756.5 79432.8
10594.4 10237
10594.6 9516.57
66720.3 92760.4
56750.4 79218.5
10076 9298.35
14541.1 62480.7
11971.8 9570.26
56805.1 79337.9
11022.5 94049.8
10150.5 92963.3
66916.2 92043.1
1379.32 14060.2
33158.4 90224.1
11702.7 10202.2
33157.6 90223.7
10521.3 93894.6
860.324 15056.1
57677.5 32518.4
610.52 14110.8
31923.2 86162
49117.9 77362
33158.4 90224.4
33159 90224.5
33157.6 90224.2
66786.9 91883.3
14540.5 62485.8
66368.3 91838.4
11940.1 10940.9
32087.3 85814.7
749.382 13514.2
448.186 14059
240.512 16906.7
31839 86055
66811 92641.8
33159.6 90224.8
1043.67 12685
31931.6 86046.5
14539 62481.9
66912 92498.9
58390.5 31943.7
14540.8 62484.2
265.426 15128.9
32033.9 86034
57576.9 31803.5
31960.3 85892.6
33157.8 90224.6
59566.9 32295.7
56720.1 79519.7
31907.6 85980.3
31965.7 85837.3
33159.3 90224.5
10229.6 94323.4
14541 62483
57642.1 31870.5
56664.9 79409.8
11116.6 93673.7
32021.2 86243.2
48882.7 77364.9
48948 77132.7
56941.8 79469.9
11167.4 10571
12311.9 9511.54
33158.8 90225.6
11236.8 10551.5
33159.1 90225.3
31991.6 86020
56758.8 79265.6
66220.9 91809.2
67317.1 92702.1
57272 33325.3
56859 79446.1
58567.7 32705.8
9942.9 93028.7
56938.5 79592.4
33159.1 90225.1
11194.3 9864.88
10920.7 93708.7
57002.5 79346.5
1501.63 13623
10722.6 93743
56888.8 79161.2
58958.7 32303.7
48965.7 77188.5
65919.6 92431.2
33159.6 90224.6
11527.7 9930.37
33159.4 90224.9
48923.4 77308.2
66149.4 91641.2
56857.3 79462.6
56295.5 31410.5
48983.2 77488.6
460.692 14522.7
14539.6 62484
65499.5 92607.2
49064.8 77555.4
14540.7 62482.9
9877.7 8894.65
1788.37 13407.1
10114.1 93843.4
49257.3 77494.2
65368.6 92102.5
66890.7 91950
66671.9 92556.9
56128.3 32313.4
32175.3 85914.7
33158.9 90225.3
66879.9 92188.9
33158.6 90224.2
58319.3 32132.7
33159.6 90223.5
49022.8 77390.4
33158.9 90223.9
56852.1 79347.4
56873.4 79493.9
57438.3 31299.2
1459.64 15951.6
49246.7 77488.2
14540.6 62480.6
10105.2 93426.4
10410 92976.2
56781 79365.2
33159.2 90223.6
556.016 15600.3
57691.4 33586.9
475.113 14711.5
58530.1 32390.9
32100.1 86074.2
31901.9 86144.1
32070 86146.8
11160.3 9440.38
57800.3 33076.4
65658.3 92584.2
49058.8 77322.2
56602.7 79369.1
56849.4 79419.3
10430.5 93621
10529.5 93346.8
11236.7 93933.6
56616.1 79327.5
66735.1 92055.8
33158.5 90223.9
11901.6 10550.2
-37.8194 12910.9
10473.3 94555.7
677.942 14679
31962.2 86204.5
11448.3 93473.6
58566.4 32391.3
33159 90225.1
10774 94095.8
57933.7 33619.6
49156.6 77366
14540.6 62482.7
10755.4 93561.7
33158.3 90225.7
49326.2 77406.7
49229.6 77341.6
33158.9 90224.4
57473.1 31707.3
49456.4 77344
66282.4 92686
49155.2 77080.1
32073.1 86161.3
32077.3 86146.2
11141.5 94391.1
33160.1 90224.6
11378.6 93393.3
10277.9 93166
33158.6 90225.4
856.53 14964.9
66437.8 91903.1
10331.7 93115.9
32067.7 86178.4
49208.2 77366.9
57745.5 31462.2
14540.8 62483
67250.8 92205.5
66411.1 92389.1
56710.3 79333.3
12361 10820.1
66976.2 91991.8
10616.4 10512.8
57303.8 32029.4
31776.8 85929.3
10949.5 9958.78
1660.55 15026.3
57962.2 31872.2
67257.3 93107.2
49084.3 77315.3
33157.7 90225.5
32047.5 85965.7
909.908 13613.3
32006.5 86000.2
56685.6 79324.8
14541.1 62480.7
31973.1 85894.7
49215.3 77358.9
56782.8 79445.6
32064.7 86351.6
-612.941 13892.5
14537.1 62483.4
66607.9 91618.8
1008.03 14841
66382.9 92645.5
180.998 14593.8
10763.2 93413.7
11128 93154.3
10831 93058.5
67553.7 91421.3
31702.1 86108.6
11847.4 10014.6
11080.1 9794.05
1475.81 14316.6
57718.2 32103.8
342.887 13951.1
31944.6 86125.3
12078.5 93032.2
10351.1 93280.5
33160.5 90225.2
49366.1 77112
33158.6 90225
49058.1 77603.9
10997.2 93200.2
49163 77371
32031.3 86014.8
-1543.38 15488.6
10542 93431.1
49094.7 77281.9
66537.9 92435.7
11249.5 93219.9
10831.9 10449.5
11170.3 93370
14541.6 62482.4
11260.8 10201.3
67098.6 91937.5
66323.6 92811.6
57775.6 31885.2
67284.6 92164.3
14541.5 62483.1
-347.201 15747.6
66299.1 91812.5
14539 62483.3
56781.3 79458.1
9779.95 92734.3
31962.2 86005.2
66236.4 92229.2
58947 32001.7
9981.83 93887.9
56734.7 79412.3
14539.1 62482.8
67621.2 91706.3
10079.9 94343.2
232.275 13212.4
14540.9 62483.8
14541.2 62484.2
1105.55 13702.8
33158.5 90224.9
1958.04 15196
10595 10834
10435.1 93702.5
10540.8 92453.1
57879.6 30510.8
11586.4 93656.5
14539.2 62484.5
49276.3 77309.5
33156.8 90224
10833.7 93748.2
67086.4 91621.8
11244.1 10624.4
56873.9 79405.9
49028.8 77297.7
14542.3 62484
66521.4 91854.8
32051.1 85991.3
3304.93 13246.5
67042.5 92273
33159.8 90225.8
31815.5 86063.5
67143.7 91861.4
10291.3 94045.8
14539.7 62485.1
31867.5 86118.8
49109 77352
33159.1 90224.5
14537.5 62484.5
11596.6 9250.99
58196 30969.9
10837.9 93532.8
1772.63 16592.3
66039.3 92139.3
49127.6 77291.9
291.023 15773.3
57084 79371.1
49402 77319
33159.6 90224.6
32108.7 85990.1
31961.6 85919.9
14540.8 62485.9
66244.2 92951.4
11056.5 93030.5
66893.2 92140.2
56986.5 79272.5
14541.9 62483.9
31872.6 85814.2
56965.1 79380.8
49013.4 77301.6
57695.5 31687.4
10178.7 94780
57712.6 33851.1
56689.3 79147.3
49146.9 77426.9
31977.3 86027
949.425 15563.5
1158.5 14340.3
66451.3 91963.6
33158.9 90225.3
56757.1 79320.6
56824.8 79460.6
56746.3 79423.2
66891.2 92840.1
12278.4 10950.2
31925.8 85911.5
49068.6 77178.7
532.577 14943.6
56158.8 30577.6
26.7713 14327.6
1064.41 14828.1
58435.5 31780.5
33158.9 90225.1
66649.7 91473.7
56427.4 31365.5
1320.85 14686.4
11442.2 10256.9
31881.1 86147.6
14541.9 62479.9
-561.516 13736
57444.9 32407.6
32021.8 86216.7
10634.2 94382
33158.6 90225.2
33158.4 90225.7
49362.2 77371.1
49292.6 77337.8
66635.8 91880.4
57205.5 31377.3
14539.6 62482.3
31959.8 86165.9
31911.3 85864.8
48978 77457.5
33158.1 90225.7
57814.1 31021.8
67403.2 92152.1
66620.2 92051
56666.5 79370.4
66433.6 92153.4
56765.2 79520.3
66583.8 92262.6
9851.7 93214.4
1745.93 15007.3
-145.136 14469.9
66835.1 91269.3
57611.4 31636.2
33158 90224.9
33160.3 90224
11656.6 9213.03
58050.9 31227.6
49156 77499.1
10988.3 93026.8
10648.2 9737.04
33158.2 90224.1
56797.5 79483.9
14540.8 62483.5
31811.2 86020.7
11734.1 10056.1
11816.4 10035.8
10968.1 93343
56734.2 79425.9
1504.33 14018.2
31915.2 85846
10829.7 93811.7
56717.5 33025
58494 31637.5
56833.7 79328.9
56862.6 79323.3
2033.87 14358.4
11663.4 10166.5
49278.9 77366.3
49240.4 77203.4
57787.7 31115
49249.3 77340
11487.8 9955.27
14539.3 62481.7
66386.4 92287.8
14541.2 62484.5
58346.7 32214.4
33159.6 90225.7
56854.5 79305.4
66120.3 92816.1
14541.7 62483.2
1019.53 13860.9
10798.1 11469
66680.1 92691.1
66431.7 92111.2
32034.2 86222
49023 77275.3
49041.9 77273.6
31855.2 86130.2
57210.7 31467.1
57554.8 32819.2
56815.5 79347.1
58462.4 31416.8
33159.3 90224.4
-52.3961 15551
11084.5 10397.8
58382.9 32807.4
1185.5 14226.1
32094.2 85929.7
14541.4 62482.8
11000.5 9917.82
11358.6 93679
2785.29 14029.3
57830.2 31833.5
283.162 12486.3
49135.2 77190.2
56792.6 79555.1
31874.3 85867.9
308.528 15259.7
14538.5 62481
33158.5 90224.7
33158.6 90224
33157.7 90226.4
67313.3 91699.6
-837.701 15190.9
1578.77 14902.7
56998.7 31777.4
49113.1 77438.5
57794.5 32732.3
11229.8 10020.8
66569.8 91707.6
49032.2 77376.3
101.958 15147.1
56762 79346.9
1562.32 12967.8
-301.125 14182
31756.3 85994.5
11436.6 93048.8
33159 90225.3
56819.5 79356.3
14541.4 62482
14539.8 62481.9
32088 86062.8
67421.2 92028.8
56915 79324.7
14539.6 62483.2
1320.94 14987.7
14540 62482.9
56895.4 79334
33158.9 90224.5
48989.2 77437.5
10245.4 93761.8
31862.9 85954.3
56855.2 79420.3
14539.4 62483.9
31956.4 85809.1
33158.4 90223.6
1750.68 15351.2
10601.5 93461.1
850.62 13221.6
31918.9 85915.9
14539.9 62482.4
49217 77504.8
56828.1 79485.1
66611.4 92197.7
10885.3 8405.3
14541.8 62484
57562.5 31802.8
10399.4 10204.6
10638.2 10199
10553.7 93086.1
56692.3 79544.1
56771.3 79404.6
10611.6 94814.5
11800.2 9812.39
67654.7 92704
32173.2 85775
1259.81 13658.3
10364 93681
33159.1 90223.5
66831.7 92611.8
49218.1 77462.1
56817.6 79526.4
33158 90225
31920.5 85883.3
57928.4 31309.1
48988.7 77456.7
33158.8 90225.1
10775 93518.1
33159.7 90224.8
33159.3 90224.5
11600.9 8999.01
11488.4 10991.9
56767.1 79325.9
-231.887 14142.6
33160.3 90224.9
14542.1 62482.9
49220.9 77595.4
31902.7 86034.8
56858.5 79483
66818.1 92079.4
31992 85989.8
49054.9 77395.7
57008.5 30792.2
10699.2 94398.3
33158.3 90223.5
33157.5 90224.8
31924.1 85822.1
65777.6 91818
56795.6 79360.2
33158.1 90224.7
31946.9 86022.5
31976.7 86122.4
10842.9 93649.1
49190 77409.8
10156.6 9969.25
33158.1 90224.4
56801.1 79500.7
66728.5 92781
33158.6 90225.8
10265.3 93964.3
11570.2 10307.7
14540.9 62482.7
56804.1 33228.6
14539.5 62482.1
33159 90223.7
56801.7 79271.1
48953.3 77158.1
31897.4 86047.8
33157.7 90225.2
10428.1 94459.6
66404.3 93162.9
33159.3 90224.4
14539.6 62483.4
14542.1 62483.8
33158.7 90224.6
10908.7 10108.2
57411 33758.5
14539.1 62480.6
33158.3 90224.2
31937.5 85999.3
11629.3 10417.8
48997.5 77427.9
56863.7 79263
11487.9 93268.1
462.501 14186.3
-1255.53 13475.4
33157.5 90225.2
66162 92725.6
66221 92204.2
10657.3 93250
33159.5 90223.9
49018.7 77388.1
56850 79357.5
14538.7 62481.9
31924.4 86053.4
11151.8 93258.2
66775.4 91462.6
11070.1 93265.4
58827.5 31396
11736.2 10724.8
58179.2 31012.9
33158.6 90226
66801.3 92621.2
56842.3 79402.1
10229.8 9702
11587.3 94024
413.698 15178.6
57498.1 30547.7
14538.3 62483.8
66232.6 92432.3
12180.2 10246.7
33159.1 90224.7
319.031 14276.6
2523.61 12763.9
33159 90225.1
33158.7 90224.2
14539 62481.5
10003.3 93444.3
31855.7 86056.7
31938.1 86097.4
67071.6 92566.6
33159.4 90224.9
10203.9 93113
12479.3 8466.07
11205.8 9979.79
10992.3 93232.6
57205.1 33824.6
14540 62483.2
67156.7 92787.6
49200.5 77282.9
33158.4 90225.2
33157.9 90224.2
2101.46 14050.6
31985.3 86081.6
49063.5 77284.8
31966.9 86091.1
11201.5 93116.9
57438.7 32986.5
11569.9 11231.1
14540.5 62483.4
33159.3 90225.4
10418.9 93583.4
11251.8 10020.5
56675.3 32126.8
32127.4 86044.1
56902.1 79516.9
56853.1 79230.5
14540.8 62483.3
31915 85979.9
56737.8 79510.1
14538.4 62482.9
58201.7 30890
10841.5 93501.8
366.246 14461.2
49090.4 77326.8
58162.2 31108.8
31995.3 85767.3
56830.8 79450.7
56633 79411.8
57536.9 30826.8
31911.8 85857.3
67189.6 91923.9
1793.92 15284.8
2243.59 14497.8
67098.4 92220.7
57954.9 32610.1
56653.5 79298.9
66612 92910.6
49071.7 77435.2
378.733 13755.5
32079.1 85773.3
56895.4 79324.4
31824 85884.2
11376 10823.1
10910.5 10519.2
32022.4 85958.2
1136.89 12372.7
502.237 14546.3
67262.8 91598.4
31907.4 85922.3
66179.7 92360.2
31820 85950.4
10635.4 10093.8
14540.8 62482.5
14542.7 62482.8
33158.8 90223.2
1582.76 13881
14541.8 62482.9
10770.1 94765.3
14540.5 62482.8
56809 79366.8
10261.1 92680.4
32055.8 86051
14540.9 62483.9
32134.8 86159.5
56940.5 32367.2
56740.5 79498.4
56573 79316
33159.6 90224.6
10860.5 92944.8
67403.1 92258.9
33160.5 90226
31911.6 85974
58084.3 30017.4
56881.2 79454.9
32079.6 85973.3
11503.2 9507.99
14538.1 62482.2
14539.4 62483
33158.6 90225.6
66741.5 92132.3
11637.7 10225.7
49094.3 77435.7
14538.6 62481.9
33157.9 90225.1
10585.4 93649.1
11492.3 10098.5
66325.4 92561.7
14539.1 62482.8
11906.7 9700.04
11039.2 10432.9
33157.8 90225.4
11530 9586.98
9637.97 9398.03
56478.4 30887.7
10226.6 10691.4
56017.7 32946.3
31895.6 86203.6
14540.7 62485.1
-1355.86 13430.8
31880.1 86054.9
58370 32681.4
33157.7 90223.2
1747.32 14089.4
49082.2 77473.5
11315.5 93403.3
-645.658 14944
33158.1 90225
14539.2 62484.8
49012.6 77383.1
31824.1 85927.1
57058.2 31221.3
67200.6 91997
66229.5 92226.8
56705.4 79305.9
10870 93828.4
14541.2 62481.3
14540.2 62484.4
14538.3 62484.3
9713.14 93449.7
56965.9 79395.9
33158.9 90225.4
56838.6 79444.8
-115.487 15282.9
56649.7 79438.3
31801.7 86145.3
2127.17 14506.2
11197.2 10274.2
31973.5 85974.3
33158.8 90224.5
56764.7 79353.7
56669.2 79410.5
14539.4 62485.4
9580.03 94623.9
14538.6 62482.7
9311.71 93023.6
49281.2 77349.3
33159.2 90224.3
56710.3 79554.9
10128.6 94128.5
486.97 14509.6
33158.9 90224.1
56445.8 31485.3
49114.8 77532.3
11335.6 10666.7
1744.92 15694.5
48973.5 77591.1
33158.1 90224.4
33158.8 90224.9
10166.9 93471
1634.26 13109.5
49168.8 77309.9
33158.8 90225.7
66017.6 91929.4
10024.4 10607.1
49508.4 77269.6
56776.5 31146.6
31643.5 85980.5
58603.9 31063.9
10385.7 9966.6
14542.2 62481.4
31839.3 86003.4
31723.5 85924
10283.4 94028.8
10917 94268
14539.4 62482.4
48968.1 77387.7
14542.6 62483.7
49214.7 77068.4
31950 86067
14539 62480.9
11754.1 9817.91
14539.5 62484.8
32027 85888.4
67474.7 92171.6
33158.9 90224.4
14539.9 62484.5
32016.5 86198.1
58204.7 32850.7
57994.2 30496.7
31850 86074
32036.7 85983.1
66481.2 92905.4
33159.5 90224.3
57204.3 30893.4
33157 90224.8
599.158 15236.2
14541.9 62483.2
14539.1 62484.5
32115.5 86063.8
56731.9 79330
10113.1 92513.6
31957 86150.6
56745.3 79238.2
11002.4 94469
11461 10475.1
33159.5 90225.2
66592.2 92741.2
56862.8 79271.2
56917.3 79186.7
57849.9 32629.3
56761.1 31308
341.369 14653.5
31979 86034.7
10353.8 10017.8
11034.9 93583.8
66914.4 91715.4
56827.1 79461
31990.7 86162.9
33159 90225.1
11165.4 10185.2
31958.9 85968.7
33158.3 90224.7
33159.6 90224.3
66904.1 92503.1
746.167 13277.8
32007.4 86035.6
10942.9 92583.9
49377.9 77258.6
14541.7 62485.1
10961.4 94186
58833.2 32681.6
14539.9 62482.1
11632.5 9834.35
10972.4 10571.2
31984.6 86107.1
10819.4 93316.8
66674.5 92136.5
56276.4 31734.3
56560.9 79288.4
56006.1 31496
33158.3 90225.3
10868.8 10438.7
31914.8 86044.6
66244.8 91775.5
32053.2 86151.8
57829.4 31934
31927.5 86143.6
56867.9 79280.5
59096.9 31723.4
33158.3 90225.2
14540.4 62484
11395.9 93870.4
31781.7 85820.7
11862.2 8807.06
66373.7 92185.3
14537.7 62480.5
11673.6 10583.3
14541.5 62485.5
10532.4 93683.5
14540.7 62483.3
14541.2 62483.3
58531 30457.2
10497.2 93821.4
33158.5 90225.5
10209 93275.8
31892.4 86119.6
56956.7 79559.9
56730.1 79356.8
56571.9 32447.2
49254.7 77478.3
12312.1 9637.28
31919.4 86017
57023.3 31886.8
32034.8 86019.4
66144.2 92940.6
57863.5 32523.8
57344.3 33198.9
65625.4 92038.6
1090.48 16315.3
49067.4 77397
2358.56 15253.8
33159 90224.7
33158.3 90224.4
14540.9 62483.8
66918.7 92079.8
12992.1 10085.5
49379.2 77379.1
66578.5 91925.3
33159.4 90225.3
49092.5 77181.7
11338.9 93617.7
49079.6 77487.4
66963.1 93046.2
10916.8 92696.4
31841.8 86036
56781.3 79374.3
56019.5 32963.8
14543.4 62483.1
33159.4 90223.8
33157.9 90226.3
10281.6 10260
66950.9 92304.5
33158.1 90224.3
67217.4 92605.6
67922.1 92538.7
2397.04 14230.4
33159.2 90225.5
56666.1 79261.6
49087.8 77346
33158.3 90224.6
57551.6 30740.8
10734.3 10530.2
32113.3 85903.4
14537.7 62481.9
56824.4 79380.3
49232.8 77410.5
14537.6 62482.2
9895.3 9218.31
280.985 14312.2
57654.5 33448.5
58226.8 32374.5
11225.6 9971.39
14541.1 62483.6
262.052 14427.7
57035.3 32556.7
33158.6 90225.6
14540.3 62482.2
49226.7 77437.8
57074.1 32185.6
10686.8 11425.9
11756.1 10088.4
9821.54 93725.3
33158.8 90224.5
66561.4 91902.3
14540.1 62484.1
10607.6 94588
66952.1 92096
10908.6 93887.5
56736.3 79567.8
14540.1 62483.4
33157.9 90226.2
171.14 14367.7
1674.69 15407.4
33158.9 90223.8
67535.2 91978.4
66334 91916.6
32177.5 85863
10850.9 94011.9
33158.9 90223.6
3883.56 11831.6
66203.7 91448.9
56813.3 79408.7
56766.4 79418.6
11599.4 9085.67
14541.2 62482.5
32021.9 85972.2
14538.3 62484.5
11147.3 94234.4
10478.9 93846.9
56948.4 79384.7
58160.6 33296.5
57022 32265
31841.5 85974.5
-161.545 15087.4
14540.8 62483.8
33158.6 90224.8
1878.11 14486.8
32029.5 85966.1
56964.3 79412.6
33160.2 90224.6
14540.3 62484.5
49007 77190.8
67238.5 92701.5
49188.4 77367.5
56739.7 79306.8
32072.6 86011.7
32148.2 86235.5
14540.3 62482.7
32193.1 86173.1
49118.2 77358.6
33158 90224.7
33157 90224.5
10899.9 92984.1
58109.4 31088.2
14541.2 62482
14539.3 62485.5
11461.3 9412.75
11332.6 93749.8
14539.2 62481.9
58177.9 32651.1
31959.5 85941.9
31881.4 86199.4
66658.8 92124.8
56813.9 79274.9
56965.4 79385.1
31799.3 85753.4
49062.3 77183.6
66824.2 92675
31955.3 85950.8
31858.4 86160.3
11597.7 10924.4
14540.1 62484.4
49122.4 77218.8
66326.6 92433.1
31991.3 85995.2
57263.4 30898.8
55735.9 32112.1
31850.4 86129.2
31673.8 85994.6
49143.9 77204.8
10961.1 92848.6
49053.9 77373.3
32058.5 86009.1
56828.3 30227.1
66625.2 92782.5
67223.9 92593.2
56880.3 79283.8
49126.8 77404.3
66185.1 93032.3
33159.6 90225.1
33158.2 90224.1
58118.9 32575.1
33157.5 90225.2
11321.4 9814.54
11363.7 10112
10006 94387.3
1112.42 15520
33158.6 90224.2
56761 79302
787.713 12430.6
33158.4 90225.5
-68.4778 13746.7
48946.2 77355.6
301.656 15133.6
49225.5 77577.7
49297.7 77430.1
31997.6 86013.9
56886.3 79167.7
49115.9 77305.6
56867.3 79368
11542.4 93475.3
66962.8 91282.8
32046.6 85953.9
31817.9 86152.3
56903.6 79528.5
49256.7 77353.5
56419.3 30487.9
33159.8 90223.7
56692.8 79294.4
33157.8 90225.3
31906.8 85730
49424.5 77259.2
1314.02 15396.6
14542.3 62484.8
57265.7 32981.4
32093.5 85899.4
408.74 13141.1
10308.2 94339.6
49195.3 77339
14541.4 62483.1
12618.7 10462.8
-225.963 14947.1
66119.6 91791.3
33159.8 90224.8
56695.9 79396.9
78.992 14273.7
32002.1 85929.9
33159.7 90224.7
65996.1 92671.6
55500.3 30726.8
49225.4 77248.7
66944.6 92403.2
33158.4 90226
49138.7 77280.5
59314.1 32728.9
10881.2 93792.3
56881.7 79448.8
49237 77275.8
56589.2 79337.8
67120.3 91589.6
32175.8 86039.3
14538.9 62482.5
14537.9 62481.7
898.302 12078.6
49073.9 77398.6
10924.1 10393.8
56788.2 79161.8
10636 9908.59
11754.8 10684.1
10816.3 93593.7
14540.8 62481.3
56782.1 32013.6
1162.15 13763
10260 94272.2
14537 62483.3
14541.5 62482.7
169.619 13624.8
66963.9 92452.7
10720.5 9901.38
58199.7 32918.4
33159.2 90225.2
66178.1 92409.1
56687.9 79382.1
11768.1 93615.8
56814 79289.9
32121.3 86151.5
49094.3 77335.6
49148 77301.1
49086.3 77497
11001.7 10755.7
-581.354 13798.1
66240.3 91841.4
56828.1 79263.5
14539.1 62482.8
10406.5 94265.7
32148.8 86163.6
33160.7 90225.6
56820 79190
307.444 15024.8
14541 62483.2
1329.12 14825.2
33158.5 90225.1
56670.4 79232.2
56698.9 79355
33158.5 90224.2
57336.4 30753.7
48896.2 77407.2
49126.9 77306.6
-1168.88 16374.7
67346.8 92124.5
14539.2 62485.6
56089.4 32698.9
844.166 13898.1
57141.5 31413.7
33158.7 90225.2
14541.7 62484.2
57684.2 32668.2
56873.4 79252
-612.925 14228.6
56764.4 79293
154.794 14081.4
14538 62482.3
11581 10568.6
67575.9 92573.4
10063.3 93663.3
11103 10541.7
66742.9 91755.4
56815.6 79328.3
31976 86411.3
66293.9 91766.9
57908.4 32175.7
14541 62485
362.648 14740.3
11069.7 93616.7
65417.6 92336.6
49498.1 77308.8
66054.8 92885.5
1018.65 14929.5
56817.3 79307.8
9834.96 93747.1
58170.6 31156.9
66279.4 91702.1
33157.8 90224.5
10153.1 93659.8
56775.1 79326.3
10070.2 93864.9
14540.6 62481.5
32091.4 86055.8
31949.8 86066.5
33158.5 90224.2
33158.6 90224.6
56689.5 79354.8
58728.7 31994.4
66861.2 92279.6
11015.4 10633.2
66057.3 92098.7
33158.7 90226.7
14538.2 62483.5
56495.7 34115.2
49104.5 77482.5
32134.1 85983.4
66150.8 92209.1
10380 10725.4
14541.7 62482.9
14539.1 62484.2
67281.4 91964.4
10984.6 10077.4
31948 86188.2
10400 92687.3
14539.9 62482
58353.6 32618.5
66494.6 91696
10724.4 93962.7
1613.9 14549.7
14539.7 62484.5
886.134 15373.6
370.896 13428.2
49041.6 77390.6
14539 62481.5
14540.1 62485.4
-66.3585 12841.5
57658.5 32430.4
66300.2 92579.8
11319 93788.9
56683.2 79390.3
14540 62483.5
56728.8 79347.9
10394.1 93928.3
11183.9 94452.4
288.22 15083.8
14540.7 62484.4
31970.6 86007.5
48976.1 77102.4
33158.8 90224.6
66936.1 91826
-14.4392 14543.8
10303.3 10074.2
66388.4 92397.6
31871.9 86048.1
49183.1 77457.5
10694.8 93169.3
58329 32276.8
2130.63 13714.6
58170.8 32271.1
32039.9 86062.3
67275.3 92300.6
10407 93536.4
-110.926 15231.3
14539.4 62483.3
-45.9562 14285.1
33159.2 90224.7
33159.9 90225.9
31964.7 86026.9
31860.6 86020.9
1131.57 14683.7
